102.521382
102.951069
102.488487
102.635691
103.008224
102.991776
103.157484
102.916530
103.096628
102.675164
102.539062
102.536595
102.829359
102.915707
102.811266
103.035362
102.936266
102.927632
102.861020
103.044819
102.786184
102.721217
103.014391
103.359786
102.529194
103.019737
102.629934
103.113487
102.857730
103.052220
102.791118
102.440378
102.685444
102.873355
102.736431
102.855263
102.697368
102.308388
102.414062
102.607319
102.662418
102.997944
102.343750
102.786184
102.813734
102.888980
102.948191
102.582237
102.620477
102.495066
102.708882
102.471628
102.575658
102.754112
102.927220
102.705181
103.160773
102.687500
102.909539
102.725740
102.918997
102.889391
102.768503
103.067845
103.142270
103.218339
103.340461
103.366776
102.891036
103.406250
103.402549
103.184211
103.090049
102.968750
103.113076
103.239720
103.194079
103.327303
103.463816
103.443257
103.209293
103.610197
103.388569
103.521382
103.493832
103.016036
103.479030
103.763569
103.478618
103.462993
103.963816
103.651316
103.503289
103.490132
103.531661
103.323602
103.788240
103.292352
103.377056
103.468750
103.523438
103.224507
103.360197
103.217928
103.275493
103.221217
103.334704
103.318668
103.405016
103.212171
103.467105
103.458059
103.520559
103.729441
103.543586
103.870066
104.094984
103.686266
103.427632
103.717516
103.666118
102.831414
103.052632
102.932155
103.481086
103.940789
104.059211
104.460115
104.729852
104.333470
104.130345
103.962582
103.987664
104.137747
103.631990
104.040296
103.872944
104.134868
104.192023
103.791530
104.017270
103.958882
103.872944
103.615954
103.763158
103.431743
103.771382
103.557977
103.560033
103.395970
103.062089
103.178865
103.276727
102.902138
103.090461
102.994655
103.287829
103.086760
103.013569
103.098684
102.998355
103.075247
103.020559
103.017681
103.264803
103.120888
102.993010
103.042352
102.768503
102.898026
102.759046
102.883635
102.966694
102.960938
103.203125
102.872944
103.224095
103.116776
103.298931
103.121711
103.573602
103.229441
103.233141
103.107730
103.330592
103.328125
103.060033
103.107730
103.314967
103.306332
103.337582
103.622944
103.321135
103.268092
103.597039
103.350329
103.320724
103.342928
103.210115
103.399671
103.523438
103.624589
103.773849
103.682977
103.487253
103.844161
103.810444
103.717105
103.747122
103.720806
104.045641
104.441201
104.601562
104.251234
104.235197
104.168586
104.186266
104.193668
104.292352
104.280428
104.251234
104.108553
104.002467
103.716694
103.729852
103.792763
103.923520
103.759046
103.817023
103.857730
103.812500
103.850329
104.078536
103.745066
103.649671
103.602385
103.752878
103.569490
103.390625
103.367599
103.648438
103.333470
103.234375
103.196546
103.373355
103.342105
103.391859
103.692845
103.532072
103.237664
103.354441
103.572368
103.407484
103.322368
103.472039
103.356908
103.110197
103.507812
103.289885
103.276727
103.584293
103.585938
103.309622
103.550164
103.615543
103.288651
102.914062
102.169819
102.171875
102.400905
102.488487
102.455592
102.833470
102.842928
103.481086
103.342516
102.721217
103.135280
103.363487
102.912829
103.178454
102.838816
103.282484
103.002056
102.720395
102.797697
102.608964
102.537418
102.495477
102.110197
102.694079
101.372122
103.310033
102.447780
102.752467
102.368421
102.622944
102.688322
102.736431
103.417763
102.332648
103.115132
103.383635
103.520148
103.812089
103.993421
104.284951
104.426398
104.592928
104.247122
104.312911
104.159951
103.975329
103.935444
103.994655
104.133224
104.105674
104.269326
104.073602
104.030839
103.527138
103.490954
103.777549
103.914474
103.756990
103.975329
103.905839
104.117599
103.365954
103.784539
104.024671
103.750822
104.231908
103.902961
104.145148
104.710526
104.240543
103.716694
103.975740
103.846217
103.908306
103.830592
103.816612
103.988487
104.111431
103.976151
104.104852
104.412418
104.233553
104.185444
104.352796
104.204359
104.089638
104.206003
103.981908
104.291941
104.185033
104.350329
104.174753
104.261102
104.134457
104.087993
104.046875
104.270559
104.124589
104.129934
103.844161
103.771382
103.322368
103.261513
103.918586
103.600740
103.861020
103.775493
103.739720
103.899671
103.671875
103.882812
103.874178
103.665707
104.506168
103.937911
104.203947
104.199013
103.958470
104.210526
104.597451
104.581414
104.226151
103.967105
103.631168
104.298520
104.099918
104.017681
103.851974
104.187500
104.092105
104.116776
103.753701
103.970806
104.111842
103.541941
103.477385
103.686266
103.812500
103.493832
103.174342
103.339638
103.434211
103.329359
103.532895
103.868832
103.933388
103.444901
104.326480
103.894737
104.151316
104.582648
104.358553
104.303043
104.333882
104.016036
103.616365
103.194901
102.851974
102.872944
103.397204
103.747533
103.756990
103.663651
103.919408
103.124589
103.191612
104.713405
105.205592
104.393503
103.609375
103.041941
102.337582
101.871711
101.787418
93.991365
91.967105
92.150082
92.474918
93.937911
95.694490
98.339638
100.414885
101.638980
103.280428
105.939967
106.833059
107.555921
108.402138
109.191201
110.252467
110.802632
111.550576
112.476562
112.920641
113.115543
113.224918
113.027961
113.802632
113.241365
112.376234
111.107319
108.689967
106.623355
105.488487
103.540296
100.630757
96.590872
92.710115
92.388158
96.387747
119.733553
133.708059
136.311266
129.455592
120.060033
112.739309
108.724507
106.332237
105.675987
105.137747
105.310444
105.335938
105.347039
105.131168
105.100740
105.418174
105.126645
105.083470
104.951480
105.128701
104.319901
104.942023
104.210115
104.351151
104.225740
104.306332
103.722862
104.041941
103.444079
104.145970
103.924342
104.239309
104.467105
102.740543
104.372944
103.557155
103.771793
103.828125
103.646382
104.034951
103.322780
103.949424
103.967516
103.277961
103.360609
103.998766
103.635691
103.136102
103.000411
103.406250
102.930099
102.895970
102.748355
102.487664
101.981086
102.511102
102.811266
102.630345
102.627467
103.712993
103.310444
103.149671
102.996299
102.757401
103.094984
103.209293
102.907072
103.122533
103.010280
103.147204
102.492188
103.132812
103.392681
103.528372
103.547697
103.613898
102.881168
103.349918
103.114720
102.876645
103.213405
103.194901
103.387747
103.553865
103.415707
103.244243
103.458470
103.471628
103.318668
103.462171
103.115543
103.444490
103.284128
103.075247
103.251234
102.878289
103.104441
103.296875
103.072780
102.957648
103.081414
102.917352
103.702303
103.771382
103.200247
103.582648
102.925576
103.520148
103.648026
103.735197
103.745888
103.597862
103.675164
103.533306
104.124589
103.936266
104.119655
104.091694
104.125411
104.444901
104.797286
104.735197
104.584293
104.580181
104.784539
105.013158
104.718750
105.011102
105.079359
104.914062
104.950658
105.041941
peixe1_340-360.MOV