103.138066
103.185531
103.486275
103.564435
103.177958
103.506288
103.599189
103.627586
103.563218
103.555240
103.794456
103.669371
103.576876
103.834212
103.648682
103.660581
103.603516
103.522380
103.519811
103.564030
103.565112
103.397701
103.392968
103.506694
103.698174
103.428803
103.320216
103.436376
103.458012
103.395538
103.306558
103.257606
102.996349
102.954429
102.944422
102.819202
102.916024
102.732792
102.990805
103.070047
102.940906
103.189182
103.108452
103.216768
103.098174
103.156863
103.237187
103.184584
103.079243
103.270318
103.224341
103.110345
103.477350
103.255172
103.424070
103.044490
103.242326
103.339689
103.237863
103.157268
103.200135
103.185396
103.232184
103.385936
103.446518
103.070588
103.314131
103.227586
103.247059
103.259094
103.446112
102.928465
101.887086
101.025423
101.337796
101.963489
102.295335
102.960243
103.060176
103.408654
103.323191
103.364030
103.103448
103.223394
103.440838
103.384449
103.204598
103.149831
103.237863
103.164841
103.167816
103.033942
103.221501
103.313185
103.131305
103.229885
103.129817
103.063962
102.969304
103.083976
103.069642
103.222718
103.139283
103.067613
103.074239
103.293982
103.569709
103.282082
103.347397
103.421366
103.084652
103.090331
102.961190
103.154564
103.419878
103.077890
102.930088
103.000947
103.225693
102.976606
103.076809
103.131170
103.136849
103.166599
103.117647
103.241785
103.127654
102.955781
103.189182
103.215281
102.974983
103.136173
102.961190
103.071264
103.027316
102.983232
102.941988
102.883976
102.824746
103.101014
103.038540
102.912508
102.806897
102.913049
102.850575
102.876673
102.703584
102.906153
102.876673
103.104936
103.050304
103.021907
103.211900
103.182015
103.335091
103.115348
103.146045
103.058147
103.188506
103.024611
102.915889
102.783367
102.956863
102.929682
102.872346
102.749696
103.193509
103.174577
103.055308
102.910615
102.768492
103.119135
102.847059
103.021501
102.946180
102.861663
102.952806
103.023800
103.028668
102.920081
102.970791
102.828398
102.745909
102.899932
103.006085
102.891819
102.907370
102.711021
102.824341
102.855984
102.744692
102.921298
102.862204
102.846924
103.011765
102.775794
101.812982
101.288032
101.390534
101.710615
102.686951
102.821095
102.740095
103.437728
103.116430
102.929006
103.055308
102.998648
103.134550
102.872481
102.941582
102.928871
103.259094
103.080460
102.994050
102.749425
102.923191
102.918323
102.817309
102.810142
102.758756
103.015686
102.865450
102.774577
102.814604
102.756051
102.904260
102.653414
102.820419
102.526707
102.630967
102.846383
102.718729
102.641650
102.773360
102.686545
102.845707
102.779581
102.509263
102.440433
102.682894
102.575659
102.761460
102.692901
102.479378
102.737525
102.650845
102.872076
102.546315
102.540230
102.622583
102.759838
102.560514
102.511021
102.452738
102.321298
102.671805
102.611629
102.639216
102.673563
102.656525
102.544422
102.637052
102.536173
102.433401
102.607437
102.410007
102.552535
102.537390
102.916295
102.990805
102.858959
102.846653
102.927383
102.837728
102.851521
102.646788
102.823800
102.792022
102.629209
102.780527
102.511291
102.686139
102.749425
102.748343
102.672211
102.671129
102.646247
102.547397
102.855172
102.657877
102.776876
102.761190
102.716024
102.759432
102.682488
102.699932
102.700203
102.857201
102.531711
102.628938
102.611765
102.657877
102.865855
102.909533
102.822042
102.852197
102.693847
102.695335
102.695605
102.746450
102.556457
102.651792
102.658688
102.701961
102.733198
102.743611
102.721163
102.827181
102.557404
102.600541
102.645571
102.641920
102.477079
102.488979
102.660446
102.595673
102.702231
102.549696
102.757539
102.427992
102.785936
103.051521
102.651521
102.690331
102.594726
102.703448
102.478567
102.817579
102.809736
102.832319
102.987559
103.178093
102.790669
102.821095
102.893171
102.947532
102.596619
102.775794
103.066261
103.126707
102.922245
102.648952
101.818661
101.396755
101.044354
102.034348
102.496011
102.871129
103.085734
103.559162
103.401082
103.287356
103.396078
103.263421
103.178499
103.201623
103.162137
103.267884
103.132252
103.357133
103.251792
103.123867
103.033942
103.154564
103.283300
103.053550
103.188911
103.322650
103.324273
103.360784
103.300203
103.580663
103.385801
103.505206
103.275727
103.478161
103.490602
103.528736
103.470183
103.457606
103.234212
103.188371
103.265720
103.306558
103.156322
103.072752
103.163624
103.216903
103.395538
103.498851
103.282353
103.277214
103.321163
103.554699
103.121163
103.314943
103.317377
103.079513
103.018120
103.124003
102.960649
103.199594
103.115078
103.086139
103.071670
102.993509
103.016498
103.073698
103.165247
103.209331
103.063016
103.106018
103.196078
103.288573
103.325085
102.987830
103.194591
103.265314
103.170385
103.148073
103.085193
103.058824
103.150507
103.134280
103.282488
103.259635
103.185801
102.923597
102.979986
102.992292
102.835700
103.164300
103.160243
103.366870
103.376606
103.316024
103.142394
103.163895
103.111697
103.185531
103.151589
103.064097
102.976200
103.088979
103.050710
103.270723
103.067072
103.274645
103.282623
103.411089
103.522245
103.244354
103.091819
103.468425
103.300609
103.152130
103.192563
103.259770
103.384855
103.128059
103.059635
103.334280
103.379716
103.355375
103.031373
103.394050
103.507505
103.218661
103.458012
103.121704
102.482759
101.472346
101.412576
101.811629
102.096011
102.776335
102.796890
102.998648
103.628668
103.473834
102.988641
103.402299
103.448276
103.391751
103.488844
103.347667
103.450980
103.218526
103.370926
103.401352
103.316700
103.182015
103.163759
103.145368
103.301555
103.211629
103.334415
103.103178
103.026234
103.197431
103.119135
103.265044
103.052603
103.207032
103.259229
102.859500
103.182150
103.151859
103.035294
103.096416
103.078837
103.107099
103.313861
103.439080
103.169980
103.401352
103.145233
103.368627
103.195402
103.128600
103.040433
103.294659
103.189723
103.254091
103.149425
103.435024
103.468019
103.165517
103.222177
103.437863
103.124273
102.942123
103.266396
103.483570
103.450710
103.162677
103.142799
103.169574
103.183097
103.531711
103.372549
103.303043
103.222853
103.306423
103.217309
103.137661
103.545774
103.256930
103.294388
103.257201
103.250439
103.170791
103.034077
103.261393
103.322110
103.273969
103.473834
103.405815
103.113455
103.181880
103.074239
103.098715
102.777417
103.262204
103.072481
103.157945
103.041785
102.986207
103.012035
103.059229
103.120892
103.077079
103.002164
102.921704
102.767275
102.809195
102.807437
103.130358
102.722921
103.077214
102.787153
103.002299
103.206220
103.140636
102.941717
103.035429
102.860717
102.837187
102.602705
101.746586
100.974713
100.893847
102.064233
102.540636
102.757404
102.777147
103.337255
103.048817
103.068830
103.318188
103.206220
103.057471
102.962677
103.152535
102.855713
103.344016
103.125625
103.160243
102.963354
103.178769
103.434212
103.198783
102.990940
103.169304
103.155105
103.146721
103.188911
103.209466
103.029344
102.989858
103.352671
103.210412
103.087221
103.230156
103.030967
103.068560
103.156728
103.462069
103.342799
103.416498
103.269506
103.507911
103.362948
103.515213
103.619473
103.933604
103.772414
103.674915
103.885598
103.615281
103.206761
103.629479
103.849222
103.480865
103.633130
103.489249
103.524679
103.497904
103.429209
103.541853
103.516565
103.483840
103.305341
103.640162
103.737931
103.497634
103.472752
103.763218
103.848546
103.702096
103.841244
103.825017
104.097498
103.744016
103.790669
104.022853
104.070047
104.113996
104.300203
104.034077
104.112644
104.008114
104.137931
104.256254
103.978769
104.000676
103.984584
103.873293
103.941312
104.268154
104.068019
104.226910
104.291143
104.157404
104.516430
104.172549
104.179310
104.329006
104.464773
104.275186
103.659770
104.004057
103.937661
103.646112
103.654902
102.842461
102.249358
103.069912
103.506423
104.419337
104.448141
104.934686
105.271535
105.083840
104.896822
105.271264
105.270859
105.250169
105.615145
105.388100
105.351995
105.421095
105.473293
105.389858
105.549561
105.482894
105.577552
105.600541
105.583638
105.593374
105.493577
105.880595
105.737120
105.508046
105.766870
105.696011
105.368763
105.076538
105.222583
105.017039
105.011900
104.973631
104.942664
105.046112
104.800406
105.116295
105.000406
104.958756
105.114943
104.904530
104.903313
105.056254
105.008519
105.042326
105.346856
105.273698
105.314131
105.125085
104.963759
105.103584
105.027721
104.981744
105.110074
105.116024
105.187018
104.934821
105.160379
105.159567
105.017444
105.036105
105.076403
105.277485
105.044219
105.325896
105.316160
105.219743
104.983502
105.086410
105.081136
105.230426
105.080865
104.925085
105.009466
105.034618
104.958485
105.131575
104.949155
105.089790
104.979851
104.964976
104.878431
105.080460
105.136579
104.923597
104.979446
104.958621
104.958350
104.880595
104.749155
104.700473
104.869642
104.894523
104.818796
104.996214
104.712779
104.921704
104.672887
104.936984
104.729141
104.849358
104.697093
104.948614
104.648817
104.827316
104.509398
104.633130
104.921433
104.972549
104.845707
104.950642
104.999730
105.268830
105.161596
104.991346
105.172008
105.333198
104.886815
105.078296
104.920487
105.048276
104.979716
104.868560
104.963218
105.335362
105.011629
105.137525
105.054902
105.086815
105.129953
104.999594
104.966599
104.801352
104.302772
103.413658
103.312238
103.010007
103.558215
105.127654
105.019067
105.263827
105.552265
105.448411
105.054361
105.300879
105.022989
105.081542
105.184990
105.319270
105.306153
105.266802
105.134415
105.216633
105.141041
105.439621
105.369304
105.418391
105.405139
105.506829
105.468966
105.643949
105.517377
105.630426
105.561866
105.870047
105.798513
105.728871
105.910886
105.720757
105.732116
105.864097
105.700068
106.052197
105.869101
106.060041
106.183367
106.017444
105.926707
105.884517
105.894118
105.827992
105.895199
105.887762
106.001082
105.947667
105.930629
105.944557
105.909669
105.947532
105.831778
105.863962
106.069777
105.953753
105.962407
105.952535
105.708181
105.747803
105.728330
105.645166
105.781068
105.727924
105.661528
105.815551
105.640703
105.611359
105.783097
105.833942
105.725625
105.829479
105.941853
105.798107
105.595673
105.705882
105.825963
105.681677
105.465855
105.693442
105.663421
105.620690
105.666937
105.655308
105.674510
105.760784
105.798513
105.811089
105.568222
105.635429
105.612982
105.673158
105.873969
105.954970
105.927654
105.840568
105.435294
105.595943
105.773496
105.990128
105.945639
105.679648
105.597295
105.636646
105.843272
105.540365
105.471535
105.657606
105.304936
105.831237
105.993239
105.875321
105.771738
105.862475
105.851386
105.704260
105.841515
105.871805
105.619608
105.520081
105.567951
105.321569
105.402840
105.417174
105.200541
105.124003
105.165247
105.379581
105.120757
105.381204
104.606220
102.981068
103.372819
104.210142
104.767681
105.112644
105.446383
105.708857
105.798107
105.374172
105.382691
105.252333
105.229750
105.165382
105.182961
105.281812
105.431237
105.179716
105.196349
105.273293
105.313725
105.003651
104.954023
105.019202
105.125625
105.207708
105.159567
105.126572
105.095740
105.126302
105.185801
105.178364
105.107505
105.231508
105.053279
105.030156
104.764841
104.890872
105.012170
104.806491
104.910886
104.872076
104.893171
104.702366
104.995943
105.060041
105.051927
105.024206
105.065044
104.972279
104.731711
104.874104
104.959162
104.832590
104.956457
104.978229
104.948749
105.005409
104.989993
104.754970
104.735767
104.956322
104.824070
104.791481
104.758621
104.739959
104.817039
104.911562
104.944963
104.693442
104.535362
104.782150
104.625693
104.453144
104.430020
104.327383
104.091413
104.312914
104.142258
104.205680
104.334821
104.355105
104.418391
104.505341
104.548479
104.534686
104.556592
104.492360
104.688573
104.826640
104.794050
104.884922
104.808925
104.777688
104.672752
104.752806
104.626099
104.849763
104.789047
104.764976
104.781068
104.758756
104.745368
104.991616
104.790534
104.867613
104.662610
104.685328
104.894523
104.904801
104.643002
104.605274
104.663556
105.180257
105.469506
105.924814
106.002299
105.958485
105.947938
105.736038
106.161460
106.121433
106.394591
106.432590
106.901826
106.926302
107.004192
106.960649
107.119135
107.020960
106.979446
106.544557
106.225828
105.965788
106.356051
106.694794
106.375524
106.874780
106.466396
106.982556
107.042867
105.756863
104.898445
104.737931
105.438945
106.946045
109.278837
109.802975
110.655172
111.331034
111.530629
111.448546
111.533739
111.389858
110.864503
111.219743
110.969574
110.923732
110.457066
110.227045
109.759567
110.161866
111.036241
112.031778
112.532928
112.041109
111.799053
110.835294
110.348208
109.709804
109.410953
109.020149
108.922921
109.182556
108.979040
109.182285
109.336849
109.064909
108.992833
108.843543
108.666261
108.741717
108.730358
108.492901
108.053550
108.543746
108.386072
108.514672
108.413793
108.260987
108.104665
108.190940
108.069506
107.831508
107.855578
108.164435
107.717106
107.683570
107.649493
107.807032
107.610007
107.498715
107.317106
107.136444
106.600811
106.360784
106.080189
105.783232
105.387694
105.358891
105.102637
105.253685
105.320892
105.173360
104.971738
105.060717
105.018391
105.105477
104.798107
105.010548
105.106423
105.000000
105.079108
104.869506
104.591075
104.757133
104.711427
104.587559
104.660581
104.685057
104.818391
104.725761
104.872887
104.691819
104.743881
104.855849
104.821907
104.955105
104.948208
104.776876
104.955105
104.703989
104.710480
105.011359
105.421501
104.955646
105.243272
105.183638
105.338337
105.084246
105.203786
105.173360
105.251927
105.195943
105.144287
105.254091
104.997025
104.855308
105.046924
105.104801
105.095740
105.106964
105.143475
105.267613
105.098310
105.204598
105.288438
105.364435
105.380933
105.463962
105.316160
105.429074
105.194456
105.300473
105.291278
105.411494
105.128059
105.178364
105.212982
104.594050
103.130223
103.005409
103.201352
103.729412
104.725761
105.142799
105.625693
105.704530
105.310210
105.414875
105.440974
105.445571
105.574172
105.632319
105.709533
105.694253
105.350778
105.736173
105.662745
105.511968
105.543611
105.504530
105.577147
105.489926
105.631373
105.335227
105.271535
105.121298
105.203516
105.344287
105.249763
105.207302
105.080595
105.117782
105.130764
104.991481
104.864638
105.125896
105.019067
104.727519
104.953482
105.215957
104.889926
105.247735
105.114537
105.151995
105.278296
105.440838
105.396890
105.687897
105.674780
105.885463
105.825287
106.177417
106.257877
106.297904
106.113185
106.006356
105.456389
105.535227
105.609872
105.592427
105.387018
105.193509
105.378093
105.592292
105.646518
105.808790
105.914807
106.083164
106.019608
105.887627
105.973901
105.527383
105.433942
105.280730
105.134821
105.269101
105.055984
105.040297
105.156998
105.053685
105.268966
105.202975
105.218256
105.357268
105.303584
105.472346
105.457336
105.518729
105.320352
105.139283
105.305071
105.194456
105.337931
105.101555
105.371332
105.573766
105.507776
105.558215
105.590534
105.529547
105.564435
105.729682
105.509669
105.759162
105.507640
105.541582
105.064909
105.216903
105.392968
105.315619
105.429209
105.320081
105.304936
105.443408
104.571873
103.922515
103.500744
103.599189
104.458553
105.233536
105.315078
105.731305
105.812982
105.604868
105.570926
105.530223
105.356187
105.335227
105.427586
105.271670
105.399053
105.376606
105.506153
105.435970
105.432049
105.471400
105.580527
105.565517
105.285734
105.491954
105.383097
105.438404
105.320622
105.335903
105.222312
105.277755
105.200000
105.350913
105.340906
105.342394
105.407437
105.342394
105.321569
105.570656
105.418256
105.476809
105.640162
105.620554
105.388506
105.624476
105.280325
105.438269
105.559162
105.761190
105.851251
105.843272
105.883435
105.956187
105.685869
105.707505
105.738066
105.622177
105.671400
105.600406
105.832860
105.706423
105.665991
105.727248
105.734009
105.746856
105.776065
105.674239
105.729141
105.881812
105.716700
105.681542
105.729277
105.854496
105.722786
105.673969
105.735091
105.613928
105.727924
105.665450
105.809331
105.768357
105.691954
105.934009
105.651927
105.787559
105.549966
105.812711
105.633266
105.610277
105.746180
105.604462
105.631237
105.600811
105.556457
105.411629
105.488303
105.494523
105.707370
105.808249
105.599594
105.910345
105.701826
105.711291
105.690872
105.726572
105.566870
105.693442
105.537931
105.898039
105.577147
105.748884
105.891548
105.625558
105.787424
105.703584
105.664233
105.653820
105.444219
105.578499
105.498310
105.554699
105.475592
105.357133
105.332116
105.159297
105.369844
105.290872
105.358215
105.416903
105.496281
105.307235
105.396349
105.258959
105.328195
105.201758
105.024341
105.188641
104.881001
105.125490
105.082894
104.859364
104.783232
104.754429
104.711291
104.704260
104.872617
104.711156
104.715078
104.689114
104.594726
103.624206
103.063016
102.597566
102.787694
103.237728
104.146045
104.668560
104.799865
104.899932
104.806220
104.824882
104.759432
104.824206
104.583232
104.787424
104.830426
104.873428
104.919135
104.747262
104.657066
104.744016
104.518864
104.814199
104.692765
104.821907
104.604733
104.963759
104.758485
104.604598
104.751995
105.045030
104.848546
104.758621
104.765652
104.886139
104.841515
104.645977
104.838945
104.862610
104.909263
104.782556
104.611359
104.601217
104.764435
104.877890
104.819743
104.860311
104.835024
104.708452
104.782150
104.961866
104.854091
105.014875
104.995673
105.154293
105.000000
105.092360
105.050710
105.330494
105.497228
105.561460
105.401758
105.119540
105.256660
105.466396
105.402434
105.483435
105.544287
105.574713
105.363083
105.373225
105.594320
105.560784
105.081947
105.378229
105.373090
105.249493
105.382015
105.505071
105.344963
105.516971
105.249493
105.373496
105.410007
105.397160
105.152806
105.141041
105.513320
105.321974
105.443137
105.531034
105.620284
105.627045
105.398513
105.561325
105.551995
105.402569
105.088573
103.934415
103.367681
103.736849
104.034077
104.921163
105.431913
105.741853
105.779310
105.554834
105.521163
105.833266
105.621501
105.693712
105.599189
105.567681
105.565788
105.598783
105.731981
105.664638
105.421501
105.556728
105.491413
105.427316
105.562542
105.582556
105.486410
105.578499
105.229074
105.482894
105.381204
105.673428
105.597295
105.671400
105.385260
105.499662
105.468830
105.536038
105.495470
105.321298
105.634348
105.602840
105.727519
105.674375
105.353888
105.581474
105.420825
105.335362
105.414604
105.503448
105.621095
105.536984
105.475186
105.716295
105.511697
105.761325
105.650034
105.598648
105.504801
105.325355
105.433401
105.428127
105.326978
105.428668
105.532792
105.692765
105.643543
105.766599
105.667748
105.561731
105.710345
105.427181
105.610007
105.665044
105.298986
105.541717
105.423529
105.260176
105.399730
105.571197
105.405680
105.650169
105.439621
105.408654
105.815281
105.433130
105.490196
105.542799
105.209331
105.352806
105.461258
105.559567
105.370385
105.409195
105.565788
105.526842
105.321433
105.585666
105.635159
105.539959
105.527654
105.406085
105.548073
105.648411
105.779310
105.581204
105.442596
105.373766
105.275456
105.127789
105.136984
104.931981
104.375254
104.890196
105.059094
105.161596
105.414199
105.518188
105.744422
105.683435
105.650845
105.891819
106.213793
106.065585
106.176741
106.204327
106.162542
106.325761
106.187424
106.564030
106.734550
106.944963
106.857066
106.895335
107.093036
107.175524
107.296687
107.773901
107.955375
108.697634
108.528600
108.674375
107.836917
107.041379
106.685057
107.406356
107.868560
109.176200
109.351859
109.392157
109.364165
109.442191
109.259364
109.308993
109.341447
109.191886
109.561190
109.560108
109.709804
109.717512
109.538742
109.559973
109.598107
109.718729
109.373766
109.776335
109.817850
109.826910
109.590264
109.095335
108.341447
107.293442
105.704665
105.481136
107.496957
107.630967
108.191210
peixe1_360-420.MOV