110.994135
111.038775
110.848159
110.796351
111.005539
111.390355
111.215380
111.326165
111.621375
110.972630
110.811665
110.899316
110.894102
110.852069
111.057674
111.081134
111.287064
111.579342
111.793744
111.443141
111.430759
111.674487
111.801564
111.711958
110.893125
110.724014
110.693711
110.785924
110.984360
110.968068
110.875204
111.071033
111.212773
111.521994
111.659498
111.616813
111.800912
111.779407
111.641903
110.668622
110.809710
110.881069
110.957967
111.121864
111.189638
110.894428
111.293255
111.470186
111.588791
111.587162
111.749756
111.464646
111.820137
111.548061
111.726295
111.021505
110.762138
110.770935
110.995438
111.137504
111.139459
111.138156
111.011079
111.096448
111.320300
111.764093
111.809384
111.621049
111.663408
111.751385
112.148257
111.885956
111.111111
111.149234
111.347996
111.251874
111.733138
111.328772
111.388074
111.622027
112.040404
112.142066
112.127403
112.275660
112.192571
112.529814
112.566634
112.447703
112.605083
111.935810
111.728576
111.229717
111.734441
111.900293
111.926686
111.757250
111.650701
111.752688
112.233301
112.122190
112.250896
112.195503
112.339524
112.450635
112.599218
111.960899
111.544151
111.358749
111.536983
111.856631
111.987292
111.448680
111.863473
111.915608
111.987944
112.155751
112.385142
112.270446
112.185077
111.662757
112.108504
112.037797
112.635060
111.928641
112.289019
111.603780
111.594656
111.891496
112.032910
112.081786
111.815575
111.975888
111.994787
112.185077
112.390355
111.747149
111.608016
111.590094
111.694363
111.652330
111.714565
111.569241
112.080156
112.269143
112.175627
112.189964
111.573151
111.565982
111.572173
111.628218
111.818508
111.577713
111.810688
112.022157
112.044314
112.044640
112.278592
111.806452
111.655262
111.491365
111.579993
111.723037
111.682307
111.686217
111.954708
111.978169
112.118605
112.051483
112.248289
111.865103
111.660802
111.403715
111.432714
111.507983
111.576409
111.518410
111.559791
111.842946
112.136852
112.138482
112.053763
111.510916
111.343109
111.192571
111.426849
111.461388
111.461062
111.416096
111.841316
112.018573
112.204953
112.122190
112.057999
112.063213
111.550668
111.239818
111.297491
111.340176
111.708048
111.505376
111.460085
111.623330
111.753340
111.931900
111.997393
112.174650
111.399804
111.263930
111.277615
111.312154
111.406321
111.504725
111.587814
111.490388
111.786575
111.700554
111.956989
111.998045
112.046595
111.567286
111.284132
111.054741
111.253829
111.506680
111.374389
111.279896
111.501466
111.618442
111.931900
112.039752
112.141414
112.042685
112.461062
112.134572
112.086999
112.149560
112.226458
111.104594
111.109482
111.027696
111.357120
111.618768
111.339850
111.419029
111.776474
111.973933
112.329423
112.384490
112.292278
112.251874
112.484848
112.441186
112.312154
112.584229
112.394917
111.569241
111.700554
111.793418
111.614207
111.610948
111.543174
111.741610
111.824047
111.961225
111.985337
111.993157
112.140762
112.304659
112.410231
112.256761
112.262626
112.197133
112.452916
112.315412
111.667318
111.027696
111.145650
111.287064
111.547084
111.321277
111.620072
111.632454
111.713587
111.589443
112.014337
111.895406
111.893125
111.799609
112.440534
111.991854
111.811339
111.363311
111.852069
111.880091
111.782991
111.819485
111.964158
111.985663
112.347019
111.936136
111.572825
111.561095
111.601499
111.825024
111.628543
111.702183
111.849462
111.742261
111.972955
112.110785
112.237862
111.704790
111.276963
111.484197
111.562072
111.782014
111.716846
111.696318
111.922450
112.066797
112.144998
112.356794
112.380906
111.877485
111.468231
111.440209
111.603780
111.680352
111.622353
111.637667
112.043011
111.938091
112.276637
112.167155
112.419681
112.363636
112.406647
111.712284
111.674487
111.491691
111.760508
111.723688
111.761160
111.690127
112.000326
112.072988
112.311176
112.311828
112.366243
112.453894
112.485174
112.433692
112.320626
111.793418
111.466276
111.459759
111.740632
111.967090
111.909091
111.711958
111.824047
112.197133
112.410557
112.333333
112.219616
112.473118
112.508309
112.559466
112.767025
112.691430
112.110459
111.477028
111.357120
111.852069
112.068426
112.158032
112.204301
112.120886
112.018573
112.289345
112.385468
112.499185
112.577713
112.538938
112.761812
112.810036
112.636364
112.526230
111.689475
111.473770
111.484848
111.847833
112.097752
112.045292
112.146628
111.882046
112.049528
112.395894
112.594330
112.400130
112.666993
112.564027
112.553926
112.377647
112.528511
112.516455
112.788856
111.988921
111.574780
111.407625
111.823069
111.984686
111.957967
111.813946
111.796351
111.818182
112.091561
111.901597
112.155751
112.068426
111.945585
111.961225
112.252199
111.703161
112.294233
111.561746
111.365917
111.280222
111.441512
111.498860
111.597589
111.568263
111.482568
111.493320
111.722385
111.962203
111.443141
111.147279
110.931248
111.200065
111.400130
111.326817
111.346693
111.456175
111.710655
111.730857
111.931248
111.377647
111.071685
110.949821
111.348974
111.196807
111.373412
111.487455
111.632128
111.550994
112.031606
111.955686
111.440534
111.117302
111.174324
111.260345
111.437602
111.501792
111.714891
111.496579
111.740306
111.793092
111.652330
111.214728
111.148583
111.177256
111.423917
111.196155
111.406321
111.350277
111.444119
111.736070
111.923754
111.995438
111.551320
111.204953
110.904855
111.201694
111.088628
111.357120
111.336592
111.438579
111.694689
111.996090
111.697621
111.832519
111.902900
111.643858
111.228739
110.878462
111.268491
111.435973
111.529488
111.277615
111.626263
111.604757
111.788856
111.736070
111.784946
111.873900
112.086347
112.074943
112.110459
111.718149
111.417400
111.004562
111.257739
111.214402
111.698599
111.423917
111.302379
111.378299
111.834474
111.921147
112.041707
111.933529
112.039427
111.472792
111.057999
111.319648
111.715217
111.340828
111.549690
111.501140
111.643532
111.607364
112.230694
112.015966
112.119909
112.044314
112.314109
112.204301
112.245031
111.574454
111.294233
111.242750
111.413490
111.450310
111.367546
111.430759
111.342131
111.566634
111.670903
111.817856
111.903552
111.938416
111.787553
112.083089
112.134572
111.205930
111.032584
110.726947
111.215054
111.425546
111.392636
111.464646
111.243076
111.597915
111.800587
111.929945
111.935484
112.180515
112.356468
112.244053
112.267840
112.264907
111.940697
110.783969
111.022809
111.542196
111.510916
110.853698
111.129684
111.162268
111.407625
111.682959
111.822744
111.897361
111.582600
111.021831
110.973607
111.120235
111.350277
110.961551
111.183773
110.985337
111.156403
111.357445
111.521668
111.206582
110.799283
110.464646
110.713587
110.869339
peixe1-760-780.MOV