124.713930
123.561360
123.041459
122.664179
122.850746
122.030680
121.658375
121.485075
121.653400
122.321725
123.048922
124.278607
124.634328
122.683250
122.331675
121.896352
122.022388
121.960199
122.761194
123.081260
123.708126
123.993367
124.588723
125.119403
125.204809
123.307629
122.456053
122.044776
122.198176
122.652570
122.702322
123.413765
123.662521
123.885572
124.700663
125.237148
125.305970
123.250415
122.747098
121.890547
122.228027
122.189884
122.851575
123.011609
123.679104
123.733002
124.656716
125.307629
125.199005
123.488391
122.947761
122.116915
122.224710
122.412106
122.993367
123.195688
123.158375
123.285240
123.993367
124.820066
125.160033
124.054726
123.043118
121.516584
121.302653
121.388889
121.840796
122.530680
123.103648
123.469320
123.904643
124.135987
124.808458
125.607794
125.549751
124.339967
123.792703
122.197347
122.381426
122.316750
122.864013
123.422056
123.417081
124.017413
124.253731
125.230514
125.347430
126.000829
124.704809
123.568823
122.574627
122.575456
122.893035
122.966003
123.459370
123.340796
123.977612
124.423715
125.160862
125.852405
125.226368
123.316750
122.402985
122.160862
122.685738
122.432836
123.155058
123.507463
123.780265
124.165837
124.960199
125.840796
126.197347
125.883085
126.623549
125.959370
124.178275
121.526534
120.944444
121.163350
121.932007
122.412106
123.140133
123.618574
124.339967
124.843284
125.175788
125.762852
126.150083
125.807629
123.221393
120.700663
120.312604
120.885572
121.133499
122.184909
122.838308
123.341625
123.752073
124.477612
125.101990
125.402985
123.654229
122.480100
122.156716
122.185738
122.698176
123.063847
123.492537
123.909619
124.215589
124.878109
125.133499
123.047264
122.445274
122.315091
122.603648
122.819237
123.033997
123.508292
123.955224
123.996683
125.082919
125.568823
123.376451
122.760365
122.787728
122.439469
122.916252
123.229685
123.505804
123.557214
124.553068
125.216418
125.757877
126.262023
125.090381
123.766169
122.632670
122.292703
122.651741
123.039801
123.374793
123.381426
122.233831
121.873964
122.502488
123.309287
123.579602
123.601161
122.627695
121.962687
122.399668
122.405473
122.560531
123.292703
123.748756
123.701493
124.151741
125.072139
125.513267
124.417910
123.249585
122.015755
122.317579
122.334992
122.750415
123.352405
123.599502
123.747098
124.558043
125.447761
124.662521
123.245439
122.616915
122.042289
122.669154
122.640133
123.140133
123.424544
123.788557
124.407131
125.251244
125.665008
125.830017
124.888060
123.578773
122.262023
122.650083
122.601990
123.148425
123.372305
123.733002
123.789386
124.675788
125.100332
125.971808
126.199005
126.338308
126.255390
126.457711
126.162521
126.443615
125.385572
124.074627
122.648425
121.702322
121.194859
121.349917
121.769486
122.631841
123.482587
124.262023
124.311774
123.278607
122.016584
122.257877
122.495854
122.845771
123.284411
123.489221
124.193201
124.730514
125.432836
125.481758
124.586235
123.674959
122.859038
122.640962
122.940299
123.539801
123.833333
124.118574
124.228027
124.903814
125.393864
124.804312
123.647595
122.653400
122.431177
123.279436
123.198176
123.574627
123.665008
124.527363
125.016584
125.810116
126.001658
126.499171
126.257048
126.590381
126.285240
126.782753
126.725539
126.664179
126.920398
127.049751
126.611111
124.881426
123.103648
121.806799
121.436982
121.199834
121.836650
122.619403
123.373964
124.312604
124.928690
125.179934
124.959370
123.943615
122.448590
122.640133
123.063018
123.052239
123.411277
123.884743
124.330846
124.354063
125.192371
125.853234
126.193201
125.237977
124.033167
123.300995
123.223881
123.310945
123.537313
124.029022
124.481758
124.698176
124.834992
125.286070
125.160862
124.230514
123.078773
122.985904
122.918740
123.353234
123.685738
123.849917
123.985075
124.922056
125.304312
126.014925
126.072968
126.435323
126.441957
126.913765
126.883914
126.783582
126.825871
126.481758
124.682421
124.226368
123.589552
123.638474
123.451078
124.073798
124.286899
124.682421
125.177446
125.433665
125.779436
125.270315
124.610282
124.899668
125.134328
124.752902
123.548922
123.242952
123.208126
123.218905
123.448590
123.590381
123.211443
122.384743
122.339967
122.912106
123.720564
123.112769
122.249585
122.918740
123.063018
123.388889
123.971808
124.179104
124.458541
124.941128
125.407960
125.103648
123.893035
123.380597
122.895522
123.293532
123.617745
124.272803
124.487562
124.831675
124.923715
125.762852
126.090381
125.089552
124.174129
123.551410
122.995025
123.514096
123.868988
124.208126
124.339967
124.650912
124.796020
125.747098
125.588723
124.082090
122.699005
122.885572
122.860697
123.451078
123.851575
123.871476
124.257877
124.882255
125.456053
126.008292
126.140133
126.272803
126.296020
126.271144
126.121891
123.631841
121.980929
121.076285
121.239635
121.610282
122.233002
123.060531
123.843284
124.341625
124.449420
124.185738
123.291045
122.685738
122.536484
122.987562
123.152570
123.184909
123.985075
124.514925
124.929519
125.363184
126.058043
125.326700
123.865672
122.888060
122.726368
122.751244
122.970978
123.288557
123.721393
124.234660
124.517413
125.471808
125.856551
125.822554
125.014096
124.039801
123.316750
123.444444
123.087894
123.675788
123.751244
124.037313
124.427032
125.106965
125.694859
126.116915
126.409619
126.728856
126.519071
126.552239
126.548093
126.403814
126.241294
126.649254
126.974295
126.778607
123.770315
121.812604
121.456053
121.370647
121.650912
122.402985
123.470149
124.075456
124.650083
125.126036
125.040630
124.374793
123.654229
122.930348
122.495025
122.965174
123.359867
123.288557
123.763682
124.281095
124.897181
125.413765
125.561360
124.009950
122.810116
122.634328
122.674959
122.928690
123.330017
123.868159
124.066335
124.668325
125.145108
125.437811
124.194859
123.124378
122.778607
123.000000
123.063847
123.291874
123.461028
124.139303
124.215589
125.064677
125.613599
126.084577
126.088723
126.309287
126.271973
126.402985
126.113599
126.017413
125.403814
123.373964
121.519900
121.162521
121.118574
121.427861
122.515755
123.176617
123.841625
124.640962
124.859038
123.727197
123.290216
122.691542
123.036484
123.170813
123.481758
123.991708
124.238806
124.844113
125.367330
125.878939
125.787728
124.592040
123.768657
123.106136
123.236318
123.675788
123.816750
123.874793
124.319237
124.921227
125.355721
126.111111
126.422886
125.632670
124.258706
123.514096
123.371476
123.601990
123.745439
124.123549
124.126036
124.597015
124.688226
125.888060
126.147595
126.396352
125.897181
124.820066
124.334163
122.865672
121.763682
122.050580
122.059701
122.981758
123.343284
124.210614
124.412935
124.958541
125.071310
126.124378
126.272803
126.155058
124.434494
123.729685
123.318408
123.440299
123.784411
124.069652
124.345771
124.845771
125.168325
125.417910
124.344113
123.938640
122.936153
123.407131
123.597844
123.470978
124.282753
124.258706
124.646766
125.284411
126.187396
125.999171
124.940299
124.370647
123.561360
123.494196
123.466003
123.564677
123.721393
124.258706
124.473466
125.228856
125.948590
126.758706
126.800995
127.061360
126.343284
123.184909
121.878109
121.604478
121.480929
122.362355
123.048093
123.855721
124.254561
124.947761
125.199834
124.679934
123.979270
122.986733
122.852405
123.159204
123.500829
124.157546
124.438640
124.979270
125.538143
125.901327
126.059701
124.228027
123.309287
123.295191
123.344942
123.498342
124.072139
124.566335
124.821725
125.087065
125.782753
126.412106
127.095357
126.759536
124.598673
124.208955
124.083748
124.076285
123.903814
124.627695
125.296849
125.033167
125.685738
126.110282
126.790216
127.451078
127.625207
127.531509
127.667496
127.650083
127.752073
127.984245
127.802653
127.998342
125.150912
122.932007
121.936153
121.997512
122.044776
123.218905
123.786899
124.951907
125.155058
125.581260
125.224710
124.768657
123.171642
123.485904
123.584577
124.299337
124.668325
125.074627
125.238806
125.716418
126.346600
126.825871
126.858209
125.665008
124.539801
124.005804
124.231343
124.242123
124.355721
124.468491
125.041459
125.266169
125.878109
126.722222
126.783582
125.990050
125.167496
124.397181
124.153400
124.350746
124.509950
125.229685
125.246269
125.398010
125.960199
126.334163
127.060531
127.344942
127.497512
127.626036
128.088723
128.111111
127.724710
125.445274
123.561360
122.527363
122.313433
122.932836
123.386401
124.593698
124.825041
125.556385
126.009950
126.239635
125.963516
125.148425
124.141791
124.388889
124.408789
124.804312
124.786899
125.242123
125.335821
126.279436
126.737148
125.570481
124.723881
124.522388
124.255390
124.345771
124.493367
124.992537
125.305970
125.571310
126.231343
126.858209
127.179934
126.189884
124.930348
124.291045
124.236318
124.548922
124.574627
124.719735
125.247927
125.838308
126.247927
126.990050
127.689055
128.041459
128.293532
128.139303
126.909619
125.236318
124.799337
124.471808
110.986733
100.142620
101.446103
104.898839
107.470149
110.092869
113.432836
116.557214
118.203151
119.057214
117.811774
120.015755
122.132670
124.454395
124.790216
128.529022
132.249585
134.689055
134.762852
133.308458
131.235489
128.752902
126.167496
124.842454
124.181592
122.545605
121.605307
120.618574
119.347430
120.146766
120.461028
121.312604
122.319237
124.163350
125.629353
127.540630
128.624378
129.967662
130.942786
131.450249
132.480100
132.454395
131.955224
130.085406
127.417081
125.610282
125.815091
125.086235
125.199005
125.805970
126.538143
126.656716
128.626866
130.342454
127.657546
126.169983
125.076285
132.576285
135.436153
134.843284
133.733002
132.684909
131.066335
129.635987
127.232172
122.818408
121.232172
120.407131
122.011609
123.951907
125.563847
126.431177
127.592040
128.067164
128.624378
130.122720
129.662521
128.856551
128.607794
129.441957
129.822554
130.196517
130.344942
130.117745
130.043118
130.049751
130.024046
128.687396
128.313433
127.665008
127.095357
126.597015
126.802653
126.440299
126.897181
127.456882
128.110282
128.135158
127.753731
127.791045
125.744610
124.801824
124.608624
124.370647
123.945274
124.373964
123.991708
123.576285
124.294362
124.438640
125.135158
124.930348
124.970978
125.688226
125.588723
124.931177
125.949420
125.377280
125.538143
123.142620
122.617745
121.756219
122.130182
122.390547
123.101161
122.898010
122.731343
123.082919
123.485904
122.827529
122.346600
121.990879
121.759536
122.192371
121.567164
122.077944
122.187396
122.373964
122.616086
122.534826
121.824212
121.262852
121.386401
121.932007
121.658375
122.237977
122.968491
122.988391
123.432836
124.434494
124.936153
123.025705
122.397181
121.941128
121.672471
121.764511
121.810945
122.141791
122.828358
122.993367
123.382255
125.063018
124.961028
124.131012
124.510779
124.561360
124.849917
124.674129
124.232172
124.381426
124.254561
124.228856
123.985075
122.054726
121.317579
121.361526
121.091211
121.699834
120.684080
120.769486
121.399668
121.641791
122.572968
122.563018
123.054726
122.975954
123.412106
123.490879
123.654229
124.474295
124.360697
121.273632
120.722222
120.279436
120.319237
120.762852
120.456053
120.811774
121.324212
121.667496
122.110282
121.092869
120.733002
119.970978
120.124378
120.509121
120.065506
120.934494
121.075456
121.624378
121.693201
122.531509
122.937811
121.378109
120.648425
120.014925
120.148425
120.000000
120.152570
120.684080
121.218076
121.849917
122.461857
121.804312
120.886401
119.961857
119.747098
120.030680
120.291874
120.833333
120.902156
120.982587
121.655058
121.658375
122.310945
123.064677
122.662521
122.908789
122.940299
122.409619
123.015755
122.505804
121.223051
119.947761
119.512438
119.032338
120.019900
119.557214
119.812604
119.981758
120.268657
121.606965
121.951078
122.322554
122.324212
122.349917
122.931177
122.953566
121.189884
119.963516
119.145108
119.123549
118.803483
118.771973
118.548922
119.185738
118.616915
119.930348
119.120232
118.436153
117.907960
118.009121
118.552239
118.135987
118.525705
118.451907
119.250415
119.155058
120.373964
118.276119
118.170813
117.781924
117.883914
118.009121
118.578773
118.511609
118.492537
119.135987
119.560531
120.473466
118.759536
118.274461
117.218905
117.067164
117.812604
117.965174
117.572139
118.843284
119.004146
118.871476
118.773632
118.293532
117.592040
117.601161
117.450249
117.532338
117.589552
117.618574
118.084577
118.804312
118.970978
120.047264
118.277778
117.679104
117.262852
117.310116
117.401327
118.082919
118.004146
118.401327
118.798507
119.101990
119.660862
119.917081
120.256219
120.311774
119.873964
120.005804
120.494196
119.819237
118.367330
117.305970
116.991708
117.053068
117.371476
117.623549
117.923715
118.647595
118.558872
118.705638
118.322554
117.238806
116.946932
117.127695
117.326700
117.745439
118.642620
118.000000
119.048922
119.291874
118.180763
117.576285
117.708955
117.836650
117.719735
117.623549
118.190713
118.868159
119.515755
119.941957
120.780265
120.705638
119.514925
118.616086
118.262023
118.332504
118.459370
118.740464
119.408789
119.540630
120.556385
120.467662
121.409619
120.494196
119.763682
118.946103
118.572139
118.843284
118.946103
118.766169
118.955224
119.216418
120.533167
120.543118
120.954395
120.924544
119.684909
118.842454
118.369818
118.324212
118.502488
118.854063
119.297678
119.620232
120.036484
120.184080
121.149254
121.378109
121.350746
122.304312
122.067993
121.613599
121.655058
120.349917
119.285240
118.728856
118.458541
118.205638
118.853234
119.338308
119.550580
119.725539
120.149254
120.275290
120.712272
121.212272
121.801824
121.787728
121.913765
122.106965
122.407960
122.011609
121.966833
122.035655
122.136816
121.924544
121.655887
121.937811
122.345771
122.247927
121.627695
119.235489
118.929519
118.641791
119.213101
119.225539
119.507463
119.751244
119.960199
120.582919
120.839138
120.582919
119.993367
119.455224
119.742123
119.964345
119.816750
120.349088
120.412935
121.063018
121.349088
122.343284
122.963516
122.794362
120.718905
120.026534
119.804312
119.570481
119.457711
120.645937
120.615257
121.369818
121.538972
121.528192
122.447761
122.835821
121.678275
121.506633
121.400498
122.578773
122.769486
124.038972
125.328358
126.275290
127.359038
127.637645
128.791874
128.434494
128.587065
128.323383
129.247098
130.298507
131.153400
131.759536
131.494196
131.790216
132.330846
132.488391
133.494196
135.562189
139.133499
141.075456
141.315920
140.116915
138.630182
137.007463
137.435323
139.699834
141.831675
143.167496
140.751244
134.597015
130.184909
128.003317
126.720564
125.385572
125.035655
124.976783
124.724710
124.795191
124.645108
125.303483
125.291045
125.704809
126.008292
126.299337
126.879768
127.301824
127.409619
127.280265
127.889718
128.133499
128.514925
127.652570
125.490050
124.915423
124.974295
125.155887
125.302653
125.218076
125.388060
124.868988
125.768657
126.213930
125.716418
124.222222
122.787728
122.086235
121.836650
120.292703
120.703980
121.285240
122.178275
123.954395
125.004146
124.767828
124.097844
123.558872
123.423715
123.276119
122.993367
122.567164
121.402985
121.575456
122.387231
123.700663
124.013267
123.947761
123.734660
123.382255
123.436153
123.354892
123.538143
123.569652
124.115257
124.595357
125.308458
125.784411
125.174959
124.748756
123.922056
123.982587
124.433665
124.789386
125.426202
125.522388
125.684080
125.933665
126.672471
125.927032
125.599502
124.392206
124.362355
124.221393
124.691542
124.621061
124.997512
125.009950
125.689884
125.985075
125.118574
124.228027
123.717247
123.496683
123.904643
123.797678
124.292703
124.202322
124.936982
124.963516
125.931177
126.342454
126.897181
126.581260
127.135987
127.081260
127.060531
127.213930
126.409619
124.315091
123.611940
122.866501
122.584577
122.706468
123.403814
123.990879
125.103648
126.939469
127.416252
127.757877
126.286899
125.761194
125.632670
125.782753
126.431177
125.724710
124.862355
124.150912
124.238806
123.834163
124.033167
124.364842
124.825871
125.087065
125.857380
125.859867
124.627695
124.393035
123.859038
123.485075
123.838308
124.014925
124.365672
124.629353
125.521559
125.850746
126.246269
125.510779
124.923715
124.007463
124.180763
123.868159
124.383914
124.350746
124.686567
125.081260
125.915423
126.342454
126.873964
126.917910
127.316750
127.204809
127.700663
127.664179
126.710614
124.878109
124.742952
124.240464
124.520730
124.317579
124.686567
124.843284
125.346600
125.855721
126.495025
126.891376
127.250415
127.361526
127.500829
127.702322
128.155887
128.347430
128.252073
128.095357
128.242123
128.483416
128.252073
128.328358
126.893864
126.035655
125.792703
125.637645
125.128524
124.776119
124.673300
125.322554
125.743781
126.226368
126.819237
126.888889
127.399668
127.554726
128.038143
127.852405
128.270315
128.205638
128.524876
128.165008
128.452736
127.841625
125.683250
123.375622
123.373134
123.326700
123.907131
124.359867
124.631841
124.701493
125.301824
125.810116
126.019071
124.556385
123.012438
121.325041
121.786899
121.739635
122.763682
123.294362
124.250415
124.719735
125.382255
125.856551
124.351575
122.223881
121.088723
121.311774
121.750415
123.078773
123.619403
124.292703
124.822554
125.498342
124.566335
124.423715
123.691542
123.645108
123.807629
124.216418
124.238806
124.703980
125.191542
125.712272
125.838308
125.454395
125.243781
123.935323
123.948590
124.009121
124.378109
124.789386
125.425373
125.315920
126.024876
126.797678
126.944444
126.743781
125.590381
124.436153
124.423715
124.155058
124.632670
124.912106
125.344942
125.314262
125.767828
126.480100
127.005804
126.894693
125.902156
124.833333
124.543947
124.282753
124.638474
124.624378
125.146766
125.281095
125.504146
125.957711
126.767828
127.019071
126.311774
125.270315
124.964345
125.383085
126.235489
126.966833
126.660862
125.212272
125.092869
124.851575
125.045605
125.014925
125.255390
125.403814
125.733831
126.054726
126.414594
125.770315
125.115257
124.235489
124.143449
124.498342
124.506633
125.018242
125.276949
125.514925
126.045605
126.502488
126.687396
124.937811
124.820896
124.174959
124.415423
124.436982
125.305970
125.538143
125.845771
126.200663
127.087065
127.595357
127.717247
127.852405
128.175788
128.173300
128.287728
128.101161
128.436982
128.384743
128.543947
128.442786
128.736318
128.427032
128.320896
128.132670
128.411277
128.073798
128.877280
129.290216
130.529022
131.019900
129.315920
127.691542
126.741294
126.670813
126.509950
126.084577
126.179104
125.878939
125.723051
125.977612
126.873964
127.184080
127.750415
127.834992
127.930348
128.045605
128.212272
127.938640
128.310116
128.558872
128.543118
128.670813
128.124378
126.138474
123.466833
122.889718
122.639303
123.056385
123.655058
124.257877
125.096186
125.092869
125.439469
125.022388
124.709784
124.548093
124.992537
126.939469
125.485904
122.434494
123.364013
124.117745
125.479270
126.301824
125.155058
124.415423
124.805141
124.660862
124.790216
124.794362
125.631841
125.912106
126.712272
126.875622
126.178275
125.421227
123.905473
118.471808
112.267828
112.344113
115.936982
119.863184
119.722222
115.040630
117.603648
123.024876
126.649254
128.732172
128.655887
128.378939
128.074627
127.024046
127.251244
126.792703
126.774461
125.480929
125.009950
124.207297
124.534826
125.190713
125.209784
125.993367
126.633499
126.648425
127.228856
127.996683
128.279436
128.309287
127.652570
126.437811
126.131841
125.753731
126.044776
125.999171
127.172471
127.754561
127.988391
128.153400
128.762852
129.673300
129.975124
129.703980
130.074627
129.839138
129.916252
129.916252
129.764511
129.315920
128.094527
126.689055
126.463516
125.649254
125.804312
125.655887
126.385572
126.651741
127.461028
127.686567
128.592040
128.873964
128.917910
129.087894
127.896352
126.881426
126.421227
125.758706
124.847430
124.290216
123.198176
123.455224
124.467662
125.684909
126.569652
127.386401
127.962687
126.972637
126.229685
125.849088
125.654229
125.890547
126.276119
126.781924
127.154229
127.082090
127.988391
128.365672
128.149254
127.500829
126.848259
125.522388
125.714760
125.768657
126.034826
126.339967
127.131841
127.202322
127.640962
127.628524
127.291045
126.432836
126.013267
125.098673
125.451078
125.387231
125.968491
125.989221
126.925373
127.412106
128.285240
128.559701
128.663350
127.778607
127.405473
126.134328
126.293532
126.131841
126.800166
126.823383
127.253731
127.509950
128.166667
128.651741
128.935323
129.203151
129.422056
129.510779
129.706468
129.796849
130.178275
130.077114
130.388060
130.339138
130.105307
130.144279
129.805970
128.320066
127.631841
126.972637
126.792703
126.758706
126.757877
126.854892
127.291874
127.820896
128.334992
128.917081
129.264511
129.516584
129.747098
129.509121
130.157546
130.104478
128.305970
125.878939
124.393864
124.137645
124.421227
124.520730
125.266998
126.175788
127.044776
127.289386
127.143449
126.601161
126.046434
124.952736
124.030680
123.071310
123.859867
124.461028
125.627695
126.081260
126.043118
125.742123
125.939469
125.495854
125.951078
125.709784
126.301824
126.681592
127.673300
128.096186
128.314262
128.486733
126.914594
125.829187
125.775290
125.553897
125.988391
126.516584
126.951078
127.200663
127.516584
127.985075
128.428690
126.741294
126.189884
125.524876
125.622720
126.082919
126.307629
126.813433
127.037313
127.525705
128.082090
128.471808
127.986733
126.898010
126.132670
125.897181
126.288557
126.109453
126.641791
126.493367
127.412106
127.664179
128.327529
128.849088
129.315920
129.301824
129.650083
129.369818
130.022388
129.823383
130.503317
130.394693
129.504146
127.515755
127.217247
126.765340
126.745439
126.513267
125.272803
123.835821
124.478441
125.137645
126.296849
126.866501
127.466833
126.314262
126.143449
126.016584
126.019900
125.877280
126.237148
126.504975
127.249585
128.064677
128.489221
128.393035
127.444444
126.815091
126.469320
125.773632
126.274461
126.655887
126.597015
126.631841
127.121891
127.548093
127.798507
127.338308
126.693201
125.874793
125.863184
125.880597
126.058872
126.638474
127.085406
127.505804
128.288557
128.911277
129.713101
129.682421
130.058043
129.796849
130.154229
129.913765
130.301824
130.126866
130.203980
130.034826
130.415423
130.233831
130.316750
129.674959
128.305141
127.820066
127.576285
127.008292
127.305141
127.189884
127.273632
127.705638
128.573798
128.668325
129.326700
129.726368
129.892206
130.089552
130.043118
130.013267
129.173300
127.412935
126.313433
125.541459
124.033167
122.131841
121.866501
121.600332
122.676617
124.126036
125.570481
126.684080
129.516584
132.060531
133.339967
133.826700
134.102819
133.649254
133.408789
132.104478
130.931177
128.456053
126.472637
125.014925
124.505804
124.559701
124.694030
125.315091
125.094527
125.535655
126.104478
127.033167
126.649254
125.929519
125.055556
124.339967
124.445274
124.239635
124.970978
125.126866
125.839967
125.698176
125.946103
126.129353
126.340796
125.616915
125.737148
124.488391
125.046434
125.116086
126.065506
126.553068
126.801824
126.640133
127.304312
127.511609
129.555556
129.897181
131.172471
131.165837
131.049751
130.561360
130.549751
128.955224
128.038972
126.455224
126.017413
125.232172
125.425373
125.650912
125.437811
126.152570
126.541459
126.941957
127.213930
127.432007
127.503317
127.501658
127.699834
128.077944
128.302653
128.274461
128.524046
128.335821
126.854892
126.464345
125.779436
125.073798
125.214760
124.771973
124.968491
124.896352
125.466833
125.548922
124.599502
124.622720
125.084577
125.123549
126.058043
125.119403
125.328358
125.222222
125.284411
125.240464
125.367330
125.325871
124.340796
123.916252
124.731343
125.852405
125.870647
125.325871
125.455224
125.533167
125.951907
125.791874
126.493367
126.388060
126.939469
126.940299
125.966833
123.059701
125.994196
126.104478
126.400498
127.024046
127.148425
128.478441
130.712272
128.364842
128.137645
127.878939
126.514925
125.220564
124.121061
122.757877
120.972637
119.276949
116.755390
116.225539
116.956053
119.029851
119.554726
119.926202
120.296020
121.840796
122.524876
123.284411
122.956053
121.995025
122.679934
124.019900
124.832504
125.407131
125.944444
125.620232
125.150912
124.968491
124.776119
124.944444
126.621891
127.939469
128.554726
129.118574
129.762852
130.933665
129.923715
129.609453
128.872305
128.931177
129.252073
128.806799
129.510779
129.700663
130.490050
130.925373
131.412106
130.582919
130.582919
129.329187
128.901327
129.407960
129.361526
129.495025
130.032338
130.428690
130.561360
131.066335
131.168325
131.375622
131.646766
131.395522
131.161692
129.800166
128.822554
127.489221
127.204809
127.122720
126.998342
126.662521
126.819237
127.169983
127.213930
127.558043
128.149254
128.015755
128.026534
128.686567
128.645937
128.105307
128.107794
127.863184
127.846600
127.212272
127.461028
125.653400
125.898839
125.470149
125.361526
125.164179
125.563847
125.509950
125.843284
125.646766
127.198176
128.714760
130.902985
133.111111
133.577114
134.207297
134.368159
133.534826
131.705638
129.242123
127.388889
125.373964
125.379768
125.641791
126.072139
126.092040
125.542289
124.676617
124.391376
124.001658
124.304312
124.396352
124.621891
124.745439
125.332504
125.503317
126.412106
124.950249
124.631841
123.641791
123.761194
123.635158
124.198176
124.426202
124.869818
125.161692
125.679934
126.100332
126.621891
126.806799
127.408789
127.421227
127.766998
127.601161
127.873134
128.171642
128.162521
128.211443
126.041459
124.888889
124.558043
124.111111
123.752073
124.322554
124.565506
124.750415
125.104478
125.962687
126.190713
126.495854
126.963516
126.942786
127.072968
127.111940
127.375622
127.160862
126.315920
125.148425
124.572139
124.160033
123.802653
123.541459
124.022388
124.246269
124.339967
124.809287
125.512438
125.789386
126.155058
126.406302
126.569652
126.422886
125.121061
124.462687
123.854063
122.634328
122.023217
120.837479
121.317579
121.759536
122.982587
123.944444
124.414594
124.444444
123.779436
123.035655
123.128524
122.335821
120.849917
120.896352
121.466003
122.173300
123.662521
123.982587
124.699834
125.352405
124.565506
123.560531
122.975124
122.912935
123.344113
123.729685
124.063847
124.169154
124.790216
125.251244
124.527363
124.025705
123.051410
122.805141
123.235489
123.579602
124.013267
124.203980
124.925373
125.077944
125.066335
123.908789
123.127695
123.299337
123.276949
123.422056
123.915423
124.072139
124.438640
124.935323
125.471808
125.358209
124.391376
123.334992
123.017413
122.550580
122.241294
121.701493
122.085406
122.646766
123.491708
124.106136
124.001658
123.527363
123.147595
122.631841
122.728856
121.518242
120.677446
121.311774
121.897181
122.686567
123.717247
124.150912
123.546434
123.024876
122.781095
122.509121
122.773632
123.374793
123.562189
123.876451
124.223881
124.781924
124.948590
124.063018
123.775290
123.015755
123.058872
123.181592
123.499171
123.714760
124.383914
124.833333
124.888889
124.961028
123.905473
123.518242
122.960199
122.972637
123.149254
123.604478
123.826700
123.860697
124.416252
124.800166
125.531509
125.601990
124.254561
123.747098
123.502488
123.157546
123.437811
123.577114
124.179104
123.957711
124.616086
124.967662
125.412935
125.721393
125.796020
125.539801
125.989221
125.883914
126.444444
126.422056
126.893864
126.609453
126.363184
124.994196
124.675788
124.429519
124.276119
123.917910
124.116086
124.017413
124.589552
124.718076
125.300166
125.798507
125.927861
126.474295
126.849917
127.116086
126.867330
125.466833
125.010779
124.774461
124.752902
125.262852
125.398839
124.934494
124.657546
124.450249
124.162521
123.718076
123.650912
123.871476
124.298507
125.006633
125.417081
125.711443
124.303483
123.861526
123.490050
123.236318
123.420398
123.483416
124.067164
123.986733
124.609453
124.976783
125.805141
125.822554
124.601161
123.270315
123.457711
123.199834
123.639303
123.681592
124.058043
124.237148
125.023217
125.311774
124.970978
124.064677
123.566335
122.970149
123.199834
122.882255
123.838308
123.869818
124.539801
124.804312
125.527363
125.885572
126.293532
126.758706
126.819237
127.044776
126.984245
127.102819
126.259536
125.116086
124.417910
124.343284
124.244610
124.203151
124.270315
124.549751
125.098673
125.415423
125.574627
126.137645
126.477612
126.609453
125.884743
122.985075
121.911277
121.276119
121.547264
122.503317
123.234660
124.013267
124.648425
125.477612
126.453566
127.407131
128.251244
128.935323
128.650912
127.793532
127.431177
126.992537
127.833333
128.165008
130.757048
131.922056
130.008292
129.235489
128.621061
127.518242
126.796020
126.246269
125.762023
125.631841
126.277778
126.600332
126.617745
126.750415
127.359038
127.690713
127.733002
127.470149
126.393035
125.657546
125.632670
125.184080
125.455224
125.896352
125.018242
124.703151
124.085406
124.597844
124.788557
126.127695
126.827529
126.676617
125.880597
124.744610
124.894693
124.929519
124.966003
125.360697
125.794362
126.524046
126.468491
126.561360
126.396352
125.258706
124.712272
124.429519
124.378109
124.538143
124.977612
125.582090
126.004975
126.437811
127.240464
127.686567
126.525705
126.013267
125.326700
124.929519
125.320896
125.869818
126.142620
126.329187
126.925373
127.151741
127.560531
128.003317
127.471808
126.451078
125.913765
125.140962
125.470978
125.387231
126.009121
125.913765
126.629353
126.898839
127.548922
127.641791
128.119403
128.297678
128.816750
128.759536
129.237977
129.113599
128.726368
126.606136
126.361526
126.124378
125.988391
125.874793
126.155887
126.409619
126.572139
126.898010
127.490050
127.924544
128.166667
128.485075
128.578773
128.885572
129.276119
129.067993
128.984245
129.057214
129.034826
128.365672
127.435323
126.632670
126.288557
126.041459
126.315920
125.873134
126.247927
126.314262
127.317579
127.836650
127.996683
128.189884
128.946932
129.038143
129.302653
129.099502
129.449420
129.144279
129.130182
127.209784
125.755390
124.591211
124.150912
123.649254
123.884743
123.859038
125.041459
125.152570
126.264511
126.543947
126.558043
125.680763
125.724710
125.328358
124.311774
123.237148
123.563018
124.174959
124.806799
125.912106
125.807629
125.412106
125.485904
124.917081
125.285240
125.463516
125.315091
125.570481
126.370647
126.626036
126.885572
127.130182
127.067164
126.295191
125.647595
125.526534
125.830017
125.975954
126.379768
126.510779
126.786899
127.280265
127.283582
127.108624
126.089552
125.530680
125.500829
125.360697
125.683250
125.806799
126.514096
126.579602
127.294362
127.113599
126.764511
125.923715
125.947761
125.694030
125.781095
125.813433
126.137645
126.281095
126.980100
127.178275
127.914594
127.970149
128.525705
128.257048
126.800995
125.871476
125.813433
125.648425
125.931177
125.951907
126.409619
126.588723
126.960199
127.659204
128.172471
128.580431
128.770315
129.165008
129.073798
129.247927
129.514925
129.139303
127.868988
127.222222
126.924544
126.216418
126.147595
125.926202
126.264511
126.816750
126.954395
127.291045
127.601990
128.139303
128.184080
127.296020
126.742952
126.757877
127.183250
127.923715
127.869818
126.673300
126.630182
125.944444
126.235489
125.898839
126.172471
126.232172
126.774461
126.882255
127.470978
127.710614
126.942786
126.217247
125.963516
125.514925
125.842454
125.942786
126.137645
126.135987
126.640962
126.893035
126.522388
125.576285
125.461028
125.627695
125.823383
125.465174
126.057214
126.360697
127.000000
127.464345
127.889718
128.150912
128.165008
128.576285
127.527363
126.277778
125.660033
125.548093
125.909619
125.700663
125.893864
126.247927
126.768657
127.179934
127.664179
127.682421
128.259536
128.752073
128.979270
129.040630
129.150083
129.378109
129.437811
129.608624
129.486733
129.112769
127.803483
126.937811
127.211443
126.632670
126.493367
126.054726
126.641791
126.723881
127.006633
127.437811
128.111111
128.339967
128.764511
128.809287
129.257877
129.340796
129.808458
129.614428
127.689055
126.750415
126.830017
126.275290
125.988391
125.620232
126.083748
126.194859
126.935323
127.335821
127.808458
127.792703
128.436153
128.530680
128.737977
128.872305
129.094527
129.322554
129.307629
129.363184
128.293532
127.170813
126.872305
126.621061
126.648425
126.473466
126.474295
126.571310
127.013267
127.316750
127.198176
127.927032
127.196517
126.342454
126.473466
126.576285
127.320896
126.357380
126.247927
126.266169
126.042289
126.248756
126.029851
126.004146
124.995854
123.432836
123.914594
123.835821
124.536484
124.706468
125.408789
125.278607
125.998342
126.198176
126.343284
126.435323
126.325871
124.783582
125.132670
123.791045
124.343284
124.490879
125.139303
125.066335
125.596186
125.618574
125.959370
126.399668
126.631841
126.171642
126.089552
125.339967
126.092040
125.869818
126.173300
126.140962
126.839138
127.276949
127.429519
127.629353
126.567993
125.744610
125.576285
125.549751
125.627695
125.833333
126.193201
126.160033
126.727197
127.096186
126.373134
126.038972
125.407131
125.505804
125.468491
125.694859
126.097015
126.552239
126.700663
127.220564
127.858209
128.427032
128.495025
128.573798
128.056385
126.068823
125.885572
125.800166
126.166667
125.984245
126.330846
126.235489
126.867330
127.072968
127.749585
127.669154
128.315091
128.727197
128.854063
127.572139
126.834163
126.317579
125.962687
125.834163
126.334163
126.093698
126.536484
126.532338
126.992537
127.639303
peixe4-300-400.MOV