126.328788
125.282576
124.606061
124.118939
124.571212
124.087121
124.112879
124.192424
124.554545
125.440909
126.032576
126.922727
126.885606
124.583333
124.183333
123.641667
123.778788
123.840909
124.596212
124.964394
125.605303
125.999242
126.662121
127.203788
127.222727
125.070455
124.087121
123.462121
123.671970
124.196970
124.338636
125.157576
125.626515
125.822727
126.643939
127.093939
127.136364
124.912879
124.328788
123.447727
123.901515
123.942424
124.612879
124.789394
125.452273
125.483333
126.454545
127.217424
126.903788
125.229545
124.678030
123.620455
123.800000
124.024242
124.618182
124.927273
125.018182
125.237121
125.969697
126.834848
127.748485
127.000758
125.984091
124.137121
123.525000
123.232576
123.635606
124.290152
124.896212
125.384091
125.865909
126.173485
126.824242
127.562879
127.589394
126.378788
125.596212
123.756061
124.038636
123.999242
124.667424
125.296212
125.203788
125.838636
126.132576
127.056818
127.176515
127.745455
126.384091
125.074242
124.137121
124.107576
124.533333
124.703788
125.190909
125.067424
125.881818
126.400758
127.078788
127.760606
127.031818
125.127273
124.224242
123.750758
124.242424
124.023485
124.838636
125.189394
125.532576
125.953788
126.857576
127.655303
127.999242
127.731818
128.528788
128.255303
126.984848
124.158333
123.415152
123.381061
123.875758
124.242424
124.911364
125.391667
126.083333
126.740909
127.078788
127.884091
128.118939
128.049242
125.806818
123.276515
122.867424
123.349242
123.562879
124.231818
124.818182
125.447727
125.704545
126.459091
127.101515
127.400758
125.458333
124.125758
123.808333
123.753030
124.359848
124.768939
125.284848
125.643182
125.986364
126.675000
126.948485
124.652273
123.851515
123.596212
123.993939
124.207576
124.667424
125.167424
125.653788
125.748485
126.739394
127.259848
124.903788
123.965909
124.006818
123.703788
124.281818
124.692424
125.087879
125.230303
126.201515
126.815909
127.536364
128.063636
126.644697
125.089394
124.016667
123.593939
124.049242
124.524242
124.943182
125.150000
124.573485
124.778030
125.477273
126.303788
126.416667
126.197727
124.591667
123.652273
123.996970
124.096970
124.246970
125.025000
125.480303
125.506061
126.012879
126.984091
127.288636
126.219697
124.809091
123.528030
123.800000
123.928788
124.431818
125.190152
125.502273
125.672727
126.467424
127.337879
126.395455
124.799242
124.081818
123.419697
124.083333
124.181061
124.833333
125.084848
125.672727
126.278788
127.143939
127.553030
127.689394
126.703030
125.359848
123.733333
124.114394
124.041667
124.662121
124.973485
125.509091
125.594697
126.453788
126.863636
127.718182
127.975000
128.181818
128.196970
128.347727
127.985606
128.203030
127.197727
125.692424
124.470455
123.762879
123.704545
123.874242
124.290909
124.925000
125.659848
126.301515
126.333333
125.002273
123.416667
123.802273
124.044697
124.550758
125.028788
125.233333
125.990909
126.515909
127.134091
127.256061
126.231818
125.212879
124.189394
123.996212
124.328788
124.981061
125.314394
125.716667
125.778030
126.671212
127.210606
126.471970
125.146212
124.034091
123.625758
124.693939
124.682576
125.198485
125.334091
126.221212
126.720455
127.487879
127.597727
128.115152
127.898485
128.276515
128.072727
128.558333
128.433333
128.340152
128.397727
128.662121
128.321212
126.686364
125.285606
124.313636
123.978788
123.740909
124.392424
125.008333
125.581061
126.422727
127.162879
127.300000
126.913636
125.706061
123.948485
124.112879
124.516667
124.622727
125.050000
125.458333
126.069697
126.188636
126.850758
127.545455
127.775758
126.824242
125.402273
124.609091
124.582576
124.771970
125.212879
125.525000
125.982576
126.264394
126.437121
126.920455
126.841667
125.788636
124.429545
124.278788
124.309848
124.843939
125.206818
125.563636
125.743182
126.725000
127.095455
127.744697
127.712879
128.013636
127.986364
128.563636
128.464394
128.387121
128.451515
128.094697
126.335606
125.733333
124.960606
124.991667
124.759848
125.478788
125.798485
126.246970
126.734848
127.058333
127.875000
127.796212
127.465152
127.771212
127.927273
127.361364
125.462879
124.955303
124.721970
124.814394
125.071970
125.176515
125.388636
124.993182
125.132576
125.685606
126.325758
125.162879
123.960606
124.361364
124.499242
124.919697
125.549242
125.837121
126.179545
126.746970
127.275000
126.843939
125.443182
124.807576
124.265152
124.777273
125.053788
125.822727
125.968182
126.500000
126.682576
127.455303
127.707576
126.592424
125.513636
124.861364
124.255303
124.861364
125.187879
125.704545
125.904545
126.269697
126.570455
127.456061
127.278788
125.213636
123.931818
124.203030
124.170455
124.940909
125.306061
125.456818
125.901515
126.603788
127.167424
127.728030
127.950000
128.081061
128.138636
128.100758
128.135606
126.292424
124.523485
123.675758
123.616667
123.889394
124.293182
125.028030
125.765152
126.225758
126.348485
126.071212
124.886364
124.095455
123.956818
124.520455
124.777273
124.887879
125.707576
126.288636
126.725758
127.170455
127.821970
126.959848
125.334848
124.282576
123.937879
124.081061
124.337879
124.752273
125.279545
125.792424
126.106818
127.077273
127.534091
127.487879
126.622727
125.476515
124.321970
124.521212
124.285606
124.988636
125.207576
125.482576
125.905303
126.584091
127.162879
127.612121
127.897727
128.172727
128.100758
128.155303
128.150758
127.993939
127.915152
128.253030
128.524242
128.520455
125.922727
124.359848
123.940152
123.753788
123.898485
124.515909
125.412121
125.902273
126.570455
126.962879
126.877273
126.027273
125.164394
124.196970
123.896970
124.315152
124.849242
124.836364
125.400758
125.968182
126.545455
126.990909
127.112121
125.371970
123.997727
123.788636
123.839394
124.280303
124.689394
125.433333
125.728788
126.366667
126.820455
126.886364
125.537879
124.430303
124.005303
124.253030
124.313636
124.642424
124.900000
125.599242
125.731061
126.587121
127.193939
127.668939
127.668182
127.912121
127.804545
127.987879
127.717424
127.654545
127.426515
125.462879
123.969697
123.625758
123.540909
123.841667
124.655303
125.279545
125.812121
126.469697
126.600758
125.338636
124.656818
123.977273
124.296212
124.565152
125.015909
125.474242
125.767424
126.306818
126.925000
127.298485
127.200758
126.002273
124.943939
124.197727
124.262121
124.687121
125.084848
125.170455
125.693939
126.310606
126.782576
127.596970
127.735606
127.136364
125.380303
124.725000
124.443939
124.720455
124.944697
125.426515
125.477273
125.973485
126.139394
127.303030
127.625000
127.980303
127.838636
127.634091
127.212121
125.470455
124.133333
124.102273
123.982576
124.809091
125.028788
125.834091
125.982576
126.650000
126.757576
127.613636
127.647727
127.595455
125.683333
124.913636
124.416667
124.590909
125.013636
125.443182
125.765909
126.201515
126.525758
126.721970
125.568939
124.978030
123.931061
124.371970
124.540152
124.628030
125.427273
125.477273
126.078030
126.605303
127.510606
127.155303
126.160606
125.608333
124.487121
124.548485
124.693182
124.786364
125.148485
125.772727
125.976515
126.817424
127.417424
128.185606
128.246212
128.585606
128.542424
125.816667
124.501515
124.106818
123.815152
124.372727
124.823485
125.571212
125.722727
126.459091
126.678030
126.053030
125.242424
124.255303
124.159091
124.630303
124.958333
125.636364
125.937879
126.438636
127.039394
127.431818
127.518939
125.524242
124.412879
124.449242
124.478788
124.666667
125.295455
125.856818
126.213636
126.602273
127.242424
127.825758
128.439394
127.968182
125.821212
125.274242
124.958333
125.190909
125.040909
125.849242
126.586364
126.280303
126.896212
127.500758
128.006818
128.834091
129.090909
128.769697
128.921212
128.984848
129.181061
129.378030
129.125000
129.276515
126.862879
125.407576
124.171970
124.280303
124.235606
125.281061
125.582576
126.808333
126.919697
127.313636
126.889394
125.940909
124.330303
124.667424
124.811364
125.575758
126.005303
126.372727
126.577273
127.127273
127.668939
128.137879
128.235606
126.906061
125.606818
125.061364
125.409091
125.428788
125.583333
125.729545
126.287879
126.548485
127.173485
127.892424
128.035606
127.227273
126.309848
125.523485
125.281818
125.456061
125.730303
126.432576
126.541667
126.571970
127.190152
127.724242
128.278788
128.595455
128.755303
128.955303
129.350000
129.562879
129.711364
127.917424
125.777273
124.681818
124.476515
124.800758
125.089394
126.156818
126.303030
127.163636
127.553030
127.822727
127.531818
126.448485
125.149242
125.525000
125.626515
126.097727
126.095455
126.594697
126.824242
127.687879
128.114394
126.766667
125.796212
125.391667
125.285606
125.446212
125.521212
126.165909
126.471970
126.673485
127.418182
128.100758
128.362121
127.273485
125.863636
125.289394
125.150000
125.580303
125.707576
125.910606
126.595455
127.209091
127.548485
128.259848
128.975000
129.205303
129.498485
129.774242
129.007576
127.551515
127.127273
126.540152
111.566667
99.671212
100.791667
103.734091
105.843939
108.168939
111.508333
114.466667
116.492424
117.370455
116.365152
118.904545
121.123485
123.789394
124.321970
128.253788
132.684091
135.312121
135.459848
134.089394
132.068939
129.631818
126.980303
125.576515
124.788636
123.041667
121.973485
121.128788
119.714394
120.637121
120.836364
121.796970
122.751515
124.799242
126.297727
128.240152
129.378030
130.633333
131.530303
132.000000
132.944697
132.901515
132.347727
131.122727
128.476515
126.633333
126.520455
125.609848
125.508333
126.237879
126.881818
127.033333
128.827273
130.776515
128.952273
126.616667
125.584848
132.978788
136.050758
135.002273
133.618182
132.185606
130.496970
128.837121
126.187879
121.478030
119.825758
118.715909
120.460606
121.913636
124.099242
124.800758
125.720455
126.333333
126.797727
128.143939
127.954545
126.938636
126.637879
127.453030
127.888636
128.353788
128.551515
128.243939
128.398485
128.400000
128.293182
126.931061
126.521970
125.973485
125.372727
124.989394
125.246212
124.790909
125.378788
125.593939
126.214394
peixe4-300-330.MOV