71.028020
71.082739
71.474491
71.454137
71.300026
71.531853
71.729051
71.740418
72.117367
72.057098
72.038329
71.781919
72.165477
71.969337
71.890827
71.882897
71.813376
71.852234
71.763151
71.584985
71.821042
71.851441
71.770024
71.897436
71.961406
71.991541
71.805181
71.557758
71.478721
71.643405
71.897436
71.377743
71.717684
71.484536
71.534232
71.571504
71.876817
71.639440
71.865451
71.644462
72.096484
71.868623
71.911710
71.673275
72.025641
71.822892
71.888713
71.420830
71.603489
71.452287
71.621200
71.552472
71.413693
71.599789
71.717684
71.529210
71.589215
71.180016
71.242136
70.922020
71.205393
71.319588
71.113666
70.899286
71.184774
71.341528
71.312979
71.269627
71.211472
71.184774
71.206450
71.362675
71.155168
71.599524
71.499339
71.191118
71.355802
71.676976
71.700502
71.489823
71.467618
71.434576
71.366376
71.329368
71.510706
71.490616
71.272799
71.104943
71.268834
71.591858
71.959292
71.555379
71.800687
71.630981
72.260640
72.025112
72.132435
72.256146
72.148031
72.091462
72.063442
71.720856
72.094898
71.940523
72.295268
72.173407
72.102828
71.902458
72.308485
72.204335
72.127412
71.496167
72.158604
72.164420
72.566482
72.337563
72.658208
72.612477
72.982554
72.679619
72.558023
72.361353
72.405234
72.133756
72.046524
72.481364
72.309278
72.047053
72.289453
72.701560
72.753370
72.688871
73.007137
72.964578
72.532117
72.591858
72.403384
72.397304
72.502776
72.474755
72.484800
72.323024
72.334919
72.179752
72.029870
71.828972
71.985990
72.143273
71.901137
72.118160
72.111023
72.304785
72.419773
72.219667
72.500661
72.312450
72.394925
72.378271
72.447264
72.135607
72.238171
72.241872
72.292096
72.266984
72.561459
72.131906
72.370077
72.064499
72.022205
71.862543
72.269892
72.320381
72.469997
72.448850
72.493259
71.864658
71.885276
72.045202
71.947925
72.185038
72.269627
72.400476
72.320381
72.361089
72.448586
72.424266
72.438541
72.170764
72.335712
72.338620
72.449114
72.504097
peixe1_788-794.MOV