115.079027
115.212766
115.095238
115.367275
115.273050
115.195035
115.481763
115.876900
115.844478
115.556738
115.068389
115.178825
115.417933
115.616515
115.603850
115.771530
115.577001
116.109929
116.292806
116.500507
116.034448
115.327761
114.968592
115.245694
115.492908
115.728977
115.764944
115.776596
115.940223
116.468085
116.370821
116.482270
116.706180
115.899696
115.607903
115.268997
115.694022
116.042047
116.239615
115.800405
115.823202
116.197062
116.705167
116.595238
116.628673
116.823202
117.131712
116.093718
115.501013
115.501013
115.857649
115.881966
116.366768
116.075481
116.295339
116.100304
116.901722
116.839412
116.851570
117.025836
117.108409
115.948328
115.634752
115.610942
115.981256
116.021783
116.080547
116.023810
116.105370
116.345998
116.945795
116.838399
116.929585
117.224417
116.102837
115.467579
115.241641
115.800912
115.875380
116.003040
115.743668
116.005066
116.172239
116.399189
116.472138
116.195542
116.253293
116.196555
116.501013
115.484802
114.850051
114.935664
115.409828
115.213273
115.845998
115.189463
115.360182
116.052685
115.840932
115.738095
116.090172
116.426545
116.173252
115.814590
115.563323
114.850051
113.632219
113.025836
112.799392
112.661601
112.584093
112.283181
112.097771
111.332827
111.804458
111.614995
112.093212
112.105876
112.333333
112.029889
111.818136
112.204154
111.711246
111.505572
111.300912
111.763931
111.906788
111.946809
112.178318
112.232016
112.533941
112.756839
112.793313
112.779635
111.723911
112.886525
113.059777
113.012665
112.722898
112.870821
113.349544
113.371834
113.603343
113.746201
114.210740
115.126140
115.946302
116.460993
116.840932
118.134752
118.494934
118.481763
117.852584
117.093718
117.260385
117.660081
117.559271
117.173759
117.064843
117.218338
117.362209
117.377406
117.190983
116.903242
116.482776
116.063830
115.943769
116.191996
115.968592
116.024316
116.241641
116.120567
116.370314
116.620061
116.339919
115.273050
115.105876
115.442756
115.578521
115.467072
115.167173
115.577508
115.946809
115.794833
116.386018
116.013171
115.166667
115.309524
115.398176
115.596251
115.732523
115.990375
115.929585
115.645390
115.945289
116.368794
116.312563
116.272543
116.374367
115.407295
115.400203
115.169706
115.590679
115.522796
115.747214
115.710233
116.050659
116.269504
116.559777
116.487335
116.494934
115.750253
115.449848
115.003040
115.289260
115.589159
115.803951
115.712766
115.810537
115.887031
116.216819
116.320669
116.275583
116.113475
116.575481
116.394124
116.095238
115.332320
114.683891
114.949341
115.525329
115.637285
115.839919
115.787741
115.696555
115.860182
116.295339
116.106890
116.419453
116.629179
116.300405
116.315603
116.300405
116.088652
115.026342
114.534954
114.811044
115.349544
115.766971
115.723404
115.520770
115.760385
116.419959
116.733536
116.858663
116.831307
116.946809
117.025329
117.426545
117.419453
122.187943
133.034954
143.761905
155.788754
166.248734
156.382979
163.679331
171.962006
174.035461
175.826241
174.700101
173.661094
174.286221
174.082573
174.279129
173.712259
173.693516
173.369301
173.372847
172.197062
171.238095
170.651976
171.054711
170.442756
170.194529
170.353597
170.253293
169.075988
169.399696
169.295339
168.542047
167.902736
168.190476
168.088652
167.914894
167.282168
167.717832
167.387538
167.001520
166.916413
167.125633
166.878419
166.414894
166.726950
166.893617
166.882472
166.309017
166.342452
166.127153
165.824215
165.756839
166.239615
166.060284
166.086626
166.239108
166.544580
166.461499
166.283688
166.357143
166.592705
166.369807
166.488349
166.425025
166.218845
165.871834
166.243161
166.113475
165.901216
165.806484
166.159068
166.082573
165.865755
166.149949
166.134752
166.603343
166.456434
166.397670
166.163121
166.266971
165.971125
166.381459
166.263425
166.394630
166.256332
166.225937
165.972138
166.212259
166.029382
166.266971
165.952381
165.940729
165.644377
165.847518
165.938197
166.093718
165.616008
166.062310
165.933131
166.214286
165.992401
165.916920
166.403242
166.369301
166.517224
166.438703
166.490375
166.481256
166.098784
166.308004
166.020770
166.128673
166.038501
166.208713
167.345998
165.887538
165.757345
166.404255
166.760892
166.199595
165.624620
165.775076
165.811044
165.464032
165.872340
165.695542
165.582573
165.574975
165.737589
166.042047
166.145897
166.129686
165.958460
166.062817
165.961499
166.119048
166.039007
166.073961
165.684397
165.778116
165.398176
165.719858
165.450861
165.725431
165.376393
165.593718
165.621074
165.618034
165.159574
165.539007
165.388045
165.324215
165.343465
165.802938
165.720365
165.872340
165.672746
165.716312
165.707700
165.840932
165.329787
165.447315
165.702128
165.902229
166.012158
166.091185
166.191996
166.024823
166.493414
166.489362
166.238602
165.765957
165.858156
165.999493
166.277609
166.025836
166.179838
166.038501
166.142351
165.928571
165.936677
166.026849
165.977204
166.059777
165.754813
166.002533
166.198075
166.048632
165.675279
165.793820
165.860182
165.777609
165.549139
166.000507
165.846505
165.935664
165.748734
165.825228
165.536474
165.637285
165.339919
165.899696
165.721884
166.037994
165.858156
165.596758
165.539514
165.703141
165.258359
165.196555
165.008612
165.145897
164.938197
165.163121
164.895137
165.212766
165.152482
165.411348
165.257852
165.254813
164.985816
164.839919
164.870314
164.997467
165.615502
164.103850
164.007092
165.036474
165.494934
165.354103
165.063830
165.255826
165.329281
165.393617
165.396150
165.338399
164.982776
164.730496
164.502026
164.201621
163.805978
164.198075
164.700608
164.843972
165.281155
165.186930
165.341439
165.115502
164.993414
165.103343
165.092199
164.962513
164.676292
164.785208
164.477204
164.875887
164.648936
164.780648
164.551165
164.990375
164.768997
165.013171
164.668693
164.718845
164.485309
164.625127
164.566869
164.738095
164.551672
164.698075
164.779635
164.831307
164.779129
164.845491
164.824215
164.808004
164.574975
164.760892
164.738095
164.727457
164.683891
164.544580
164.504053
164.349037
164.467072
164.521783
164.560284
164.711753
164.686424
164.725937
164.655522
164.700101
164.489868
164.773050
164.745694
164.636778
164.492908
164.756332
164.737589
164.921479
164.864742
164.919453
164.934144
164.805471
164.838906
164.985816
165.071935
164.861702
165.011651
164.885512
165.043060
164.930091
164.898176
165.227964
165.144377
165.234043
165.042047
165.417427
165.227457
165.472644
165.164640
165.402229
165.031408
165.136778
165.102837
165.462006
165.185917
165.043566
164.844985
165.129686
164.875887
165.052178
164.752280
164.802432
164.945795
165.273050
165.072442
165.338399
165.123100
165.318136
164.998480
peixe1-780-800.MOV