130.177778
130.075986
129.959857
130.080287
129.243011
129.418638
129.309677
128.883871
128.559140
129.049462
129.521147
129.713978
129.687455
129.793548
130.006452
129.917563
130.161290
130.020072
130.102509
130.287455
130.400000
130.176344
129.701792
129.370609
129.417921
129.353405
129.214337
129.077419
129.578495
129.716846
129.660215
130.238710
130.392832
130.189964
130.392115
130.265233
130.092473
130.240860
130.446595
130.197849
130.625090
130.255197
129.903943
129.567742
129.453763
129.483154
129.382796
129.538351
129.633692
129.895341
130.131900
129.888172
130.397849
130.206452
130.378495
130.403584
130.730466
130.683154
130.749104
130.974194
130.796416
130.655914
130.865233
130.893907
131.266667
131.253763
130.658781
130.417921
129.870251
130.105376
129.601434
129.822222
130.083871
130.228674
130.476703
130.788530
130.922581
130.779211
130.771326
131.034409
131.144803
131.245878
131.151971
131.247312
131.416487
131.326882
131.084588
130.339068
130.531183
129.850896
129.164875
129.106810
129.373477
129.325448
130.156272
130.554839
130.654480
130.516846
130.896057
130.562724
130.896057
130.905376
131.087455
131.083154
131.284588
130.559857
130.609319
129.977061
129.800717
129.625090
129.341219
129.144803
129.702509
130.255914
130.516846
130.827957
131.206452
130.797849
130.855914
130.924731
131.304659
131.521864
131.516846
131.396416
131.603584
131.334050
131.273118
131.364158
131.502509
131.914695
131.683871
131.578495
131.616487
131.729749
131.667384
131.713262
131.547670
131.542652
131.521864
131.220789
131.131900
130.431541
130.069534
130.091756
130.288889
130.723297
131.131900
131.700358
131.638710
131.649462
131.777061
131.759857
132.088889
131.742652
131.858065
131.635125
131.923297
131.549821
131.466667
131.051613
130.719713
130.235125
129.994982
129.590681
129.917563
129.751254
130.679570
131.077419
131.263799
131.349821
131.518280
131.250896
131.653763
131.500358
131.643011
131.531900
131.736918
131.549821
131.569176
131.344803
131.569892
131.858781
131.808602
132.012903
131.653763
131.858781
131.642294
132.119713
132.205018
132.251613
132.389247
132.463082
132.231541
132.196416
131.560573
131.483154
131.445161
131.126882
130.938351
131.074552
131.230824
131.498925
131.672401
131.868817
131.818638
131.917563
131.861649
132.152688
132.324731
132.228674
131.966308
132.160573
131.125448
130.953405
131.202867
130.872401
130.261649
peixe4-624-631.MOV