126.432035
126.920779
126.908225
127.387446
127.262771
127.335498
127.207792
126.906494
126.656710
127.177056
127.213420
127.398268
127.302165
127.486147
127.427273
127.523810
127.537662
127.346320
127.252814
127.113420
126.964502
127.559740
127.683550
126.948485
127.031169
127.005195
125.990476
125.712554
125.588745
125.538961
125.413420
125.069264
125.402597
125.544156
125.491775
125.388312
125.185714
125.429870
125.627273
125.739394
125.961472
125.961039
125.849351
126.126407
126.628139
127.025541
126.981385
127.361905
127.615584
127.750216
127.883550
128.217749
128.033766
127.950649
127.720779
127.752381
127.348052
128.095238
128.267100
128.188745
128.006061
127.895671
127.712121
127.815584
127.608225
128.230303
128.020346
127.764502
126.837662
125.709957
124.615584
124.803030
124.699567
125.134199
125.263203
125.687013
125.572727
125.881818
125.933333
126.154545
125.469697
125.635931
125.420346
125.802597
125.598701
126.105628
126.535065
126.864935
127.138095
127.287013
127.642424
127.680087
127.608658
127.418182
127.074892
126.982684
126.891775
127.102597
127.508225
127.727706
127.512987
127.430303
127.360173
127.496537
127.231602
127.284848
127.136364
127.038528
127.224242
127.428571
127.136797
126.500433
125.953680
124.700866
125.154113
125.690476
125.584416
125.513420
125.275758
125.370996
125.061472
125.490476
125.461472
125.808225
125.980519
126.532900
126.744156
127.033766
127.652814
128.179221
128.245887
128.119481
127.774892
127.555844
127.483983
127.617316
127.735065
127.291342
127.709091
127.596970
127.598268
127.460173
127.557576
127.210390
126.989610
126.679654
126.396104
126.374892
126.048052
125.575325
124.538528
124.148918
123.692208
122.454978
120.533333
117.144156
114.379654
111.485281
110.524675
111.845887
114.320346
118.054978
121.827706
123.697403
124.759740
125.102597
125.287446
124.454978
123.924675
123.418182
123.704329
123.918182
124.224675
124.383550
124.442857
124.616450
124.704762
125.341991
125.526840
125.355844
125.191775
124.987879
124.804329
124.896970
124.863636
125.148918
125.162338
125.374026
125.463636
126.027706
126.350216
125.906926
125.690909
125.778788
125.270996
124.103463
123.403463
123.448052
123.211688
123.220346
123.017316
123.337229
123.761905
124.323377
124.548918
124.280952
124.149351
123.922511
123.752381
124.007792
123.548485
124.056710
123.786580
123.862771
124.189610
123.948918
124.926407
125.041991
124.986147
124.500000
124.395238
124.311688
124.417316
124.131169
124.348052
124.385281
124.336364
124.338528
124.780519
124.714719
125.012121
124.806926
124.354978
124.440693
124.149784
124.251082
124.409957
124.679221
124.677489
124.514719
124.638961
124.718615
124.602165
125.336364
125.941558
126.487446
126.614286
126.340693
126.076190
126.476190
126.286580
126.349351
126.522511
126.387446
126.596537
126.217316
126.213420
126.699567
126.613853
126.627273
126.204762
126.237662
125.715152
126.217749
125.900433
126.232468
126.008658
126.070563
125.853680
126.387879
125.393939
124.431602
124.050216
124.221645
123.791775
123.687446
123.586580
123.366667
123.637662
123.714286
123.596970
123.870130
124.001299
124.108658
124.454978
124.077056
123.691775
123.972294
123.647186
123.825541
124.059740
124.234199
124.373160
124.637662
124.603896
124.919048
125.100000
125.732035
125.951515
126.347619
126.250649
126.264935
125.951515
125.895671
125.541126
125.858009
125.287879
125.574892
125.651082
125.828571
126.077922
126.427706
126.306061
126.281385
125.708658
125.694805
124.826407
123.851082
123.260173
123.581818
123.300000
123.777922
124.108658
123.880519
123.614719
123.470130
123.294805
123.182251
122.961039
123.414719
123.616883
123.930736
123.971861
124.070563
123.926407
123.908225
124.290476
124.826840
124.566234
125.317316
125.709957
125.919913
126.368831
126.159307
125.798268
125.870996
126.069264
125.797835
126.082684
126.024242
126.310390
126.396104
126.551948
126.119913
125.693074
125.785714
125.380519
125.775758
126.442857
126.584416
126.530736
126.227273
125.162771
124.073593
122.894805
123.060606
123.039827
123.189610
123.155844
123.539394
123.833766
124.088745
123.626407
123.641558
123.261905
123.316017
123.547186
123.645455
123.435065
123.641558
123.642424
124.270996
124.095671
123.989610
124.041126
124.093506
123.668398
124.065368
124.325974
124.679654
124.307792
124.145022
123.805195
124.008658
124.124675
124.189610
124.180519
124.229004
123.906926
124.143290
123.912554
123.888745
124.270130
124.387446
124.410390
124.478355
124.180087
123.861472
123.794805
123.920779
124.130303
124.471429
124.614286
124.695238
125.307792
125.330303
125.807359
126.425541
126.198701
126.556277
125.859307
124.735931
123.485281
123.624675
123.355411
123.672294
123.456710
123.269264
123.591775
123.741126
124.291775
125.132468
125.423810
125.773160
125.765801
125.606494
125.404762
125.543290
125.859307
125.912987
125.826407
126.152814
126.379221
126.643723
126.596104
126.377489
125.965368
126.097403
125.750649
125.913420
126.247619
126.025541
126.083117
125.757143
125.798701
125.985281
125.698268
125.638961
124.894372
124.453247
123.917749
123.685281
123.649784
123.518182
123.562771
123.596537
123.975325
123.962338
124.522511
125.019048
125.241558
125.099567
125.034632
125.458442
125.400866
125.783117
125.740260
126.017316
126.197403
126.414719
126.137662
126.171861
126.024675
125.770130
125.612987
125.642857
126.047619
125.941558
126.159307
126.190043
126.148485
125.718182
125.695671
125.760173
125.293939
124.838961
124.123377
123.803896
123.530736
123.702165
123.161472
123.726407
123.502597
123.892641
124.300866
124.551948
124.555844
124.585714
124.021212
124.137229
124.247619
124.470996
124.700000
124.540693
124.645455
124.636797
125.007359
124.744589
124.184416
124.640260
124.861472
125.236797
125.319048
124.522078
124.440693
124.568831
124.974892
124.394372
124.651948
125.170996
125.357576
125.338528
125.274892
125.691775
125.863203
126.235931
126.178355
126.510390
126.595238
126.774026
126.895671
126.976623
127.053247
127.512554
127.317749
126.716450
126.448052
126.729870
126.337662
126.478355
127.159740
127.147619
126.654545
126.051948
125.054545
125.086147
125.074026
125.055844
124.816017
125.253247
124.697835
124.802597
125.127706
125.177056
125.006494
124.724242
124.322511
124.765368
124.732900
125.312121
125.610390
125.560606
126.381818
126.210390
126.540693
127.030303
127.085714
126.937229
126.683550
126.469697
126.030736
126.540693
126.677922
126.918615
126.958442
127.258874
126.852814
127.123810
127.074459
126.980952
126.957576
127.381385
127.486580
127.029437
126.151948
126.028571
125.853247
126.174459
126.116017
125.729870
125.972727
126.459307
126.770130
127.114286
127.640693
127.440693
126.840693
126.777922
126.487446
126.835931
126.905628
127.342857
127.519913
127.918182
127.846753
128.373160
128.677489
128.800866
128.683117
128.768398
128.344156
128.444156
128.353247
128.616450
128.577489
129.246320
129.330736
129.290043
128.700000
129.165368
129.176623
128.725974
129.096104
129.247186
129.441558
129.054545
128.908225
127.816017
126.595238
126.429437
126.283117
126.403896
126.238095
126.434199
126.173593
126.172294
126.740693
127.082684
127.793506
128.012121
128.130736
128.009091
128.165368
128.162771
128.421212
128.051948
128.131602
128.511688
128.461472
127.474892
126.258009
125.549351
125.382251
125.775758
125.640260
126.291342
126.212987
126.509091
126.621645
126.979654
126.984848
127.654113
127.577922
127.519481
128.022078
127.769697
128.038961
128.621212
128.496104
128.731169
128.572294
127.988745
127.684416
127.815584
128.215152
128.003030
127.937229
128.644156
128.696970
128.758442
128.310823
128.099567
128.057576
128.219481
127.729004
127.954113
127.801299
127.776190
126.766667
125.839827
125.751948
125.786580
125.544156
125.849784
126.062338
126.002597
126.088745
126.481818
126.492641
126.537229
125.226840
127.935498
125.663636
125.858874
128.092208
126.420346
126.604762
128.405195
127.087446
127.435065
128.344156
127.884416
127.386580
127.991775
128.504329
128.045887
128.006061
128.191342
127.647186
128.197403
128.212554
128.394805
128.912554
128.586147
128.595671
128.580952
128.709524
128.067532
127.090909
126.382684
125.859307
126.091775
126.018615
125.919048
126.085714
126.783983
127.019048
127.020346
126.064502
126.464502
126.292208
126.433766
126.347619
126.462771
127.116017
127.354545
127.599567
127.643290
128.284848
128.929437
128.410390
128.354978
128.227273
128.189177
128.331169
128.321212
127.931602
128.430736
128.347619
128.877489
128.632035
128.898701
128.670130
128.376623
128.169697
128.324242
128.108225
128.176623
128.197835
128.012987
128.123810
127.777922
126.912987
125.713420
125.519048
126.169697
126.538528
126.995238
126.529437
126.342857
126.019913
126.045022
126.472727
126.325541
126.557143
127.003463
127.571861
127.974026
127.926407
128.003030
128.121212
127.990909
127.935498
128.017749
128.069697
128.033766
127.644589
128.164935
127.941558
128.378788
128.516017
128.642857
128.670130
128.521645
128.216883
128.282251
127.767100
127.772727
127.390476
126.582684
125.251515
125.917749
126.263203
126.169697
126.090909
125.768398
125.782251
125.828571
126.100866
126.104762
126.022944
126.283983
126.597403
126.642857
126.283117
126.348485
126.109957
126.259307
126.306926
126.206061
126.634199
126.764502
127.222078
127.796104
127.877056
128.216450
127.859740
127.632468
127.446753
128.105195
128.188745
128.238095
128.466234
128.585714
128.322511
127.803030
127.990043
128.104329
127.827273
127.988312
128.451948
127.873593
126.662338
126.402165
125.387879
125.922511
125.997403
126.042424
126.155411
126.317749
126.180952
126.569264
126.682684
126.752381
126.713853
126.324242
126.082684
126.390909
126.440693
126.773593
126.719481
126.674459
126.822511
126.900866
127.238961
127.426407
127.901299
128.266234
128.810823
128.949784
128.930303
128.336797
128.198701
128.382251
128.670130
128.556710
128.402597
128.525108
128.586147
128.670563
128.626407
128.569697
128.102165
128.100000
127.756277
126.265368
125.658009
126.099134
126.441558
126.740260
126.852381
126.539827
125.765368
126.255411
126.432900
126.622944
127.464502
128.006926
128.273593
128.147619
127.813420
127.754978
127.941991
127.993074
128.041126
128.306926
128.349351
128.986580
129.045022
128.793506
128.341991
128.081818
128.027706
128.216450
127.828571
128.267532
127.941991
128.338095
128.369697
128.531169
128.236797
128.306494
127.985714
127.593506
126.799567
126.057143
126.030303
126.367100
126.129437
126.103463
126.166234
126.200433
125.981818
126.683550
127.263203
127.348052
126.714719
126.748485
126.407359
126.428139
126.446320
126.851082
127.047186
127.257576
127.195671
127.334199
127.247619
127.411255
127.341126
127.060606
127.213853
127.115152
126.943290
127.296104
127.678355
127.750649
127.759307
127.700866
126.908658
127.519913
128.385714
128.327706
128.417316
127.955411
128.010823
127.629004
128.035065
128.428139
128.703030
128.919481
129.202597
128.961472
128.631169
128.503463
128.294805
128.343723
128.805195
127.929870
127.654545
126.584848
125.880087
125.495238
126.407792
126.177922
126.403896
126.145022
125.981818
125.859740
126.448918
126.414719
126.548052
126.669264
126.603463
127.087879
127.444589
127.591775
128.222511
128.624675
128.858874
128.869264
128.869697
128.508225
127.901732
128.195671
128.513853
128.207359
128.334199
128.095238
127.945887
128.602165
128.404762
128.152381
128.022078
127.651948
126.096104
125.659740
125.416883
125.778788
125.812987
125.789610
125.445022
125.363203
125.384848
126.057576
126.463203
126.727706
126.616017
126.619481
126.630303
127.152814
127.809957
128.062771
128.229437
128.439827
128.203896
127.942424
127.557576
128.392208
128.638961
128.580519
128.690909
129.351948
129.406926
129.596104
130.001299
130.509957
130.900000
131.400866
131.777056
131.361039
131.039827
130.749351
130.671861
130.791342
130.635065
130.711255
130.933766
131.503030
131.366667
131.293506
130.619048
129.645022
129.796537
129.775325
129.446320
130.060606
130.668831
130.606926
130.801299
131.767532
132.314719
132.431169
132.435931
133.069264
132.339827
132.532035
132.696970
132.420346
131.936364
130.923377
129.831602
129.579221
129.577056
129.714286
129.748918
130.115152
130.289610
129.986147
129.559307
129.339394
129.121645
128.669264
128.238961
126.674026
126.387879
126.270130
126.338961
126.511255
127.075325
126.861039
126.955844
126.407792
126.400866
126.612554
126.773160
126.970563
127.079221
127.418182
127.877922
127.872727
127.878355
128.516883
128.918182
128.555844
128.794372
128.898268
128.183117
128.452814
128.515152
128.392208
128.165801
128.121212
128.167532
127.904762
128.368398
128.824242
128.861039
128.819913
128.389177
127.860173
126.868398
126.026407
126.409524
126.080952
126.296104
126.425108
126.396104
126.989610
127.071861
126.884416
126.579654
126.191342
126.151515
126.338961
126.603896
126.791775
126.618182
126.377056
126.344156
126.759740
126.178355
126.745455
127.402165
127.438961
127.441558
127.432468
127.006061
127.014719
127.004329
127.141558
127.080087
127.202597
127.100866
127.571861
127.543290
127.701732
128.070996
128.339394
128.384848
128.342424
128.606926
128.934632
129.136364
129.174892
128.672727
128.649784
128.689177
128.719913
128.570563
128.070563
127.927273
128.173160
128.241991
128.483983
128.754978
128.813420
128.509957
128.446753
128.083117
128.082251
128.251515
127.290909
126.294372
125.769697
125.469697
126.196104
125.996104
126.401299
126.254978
126.093939
125.799567
125.987446
126.000433
126.265368
126.048485
126.248918
126.093074
126.720346
126.915584
126.866234
126.610823
126.788745
126.557143
126.327273
126.550216
126.738095
126.751515
126.735931
126.467100
126.724242
126.776623
126.774026
126.886580
126.957143
127.070130
126.937229
127.018615
126.854545
126.503463
126.629870
126.521645
126.095671
126.180519
125.838961
126.449784
126.884416
127.005628
126.849351
126.587013
126.213420
126.484416
126.551948
126.353247
126.927273
126.900000
127.154545
127.231169
127.267532
126.932900
127.361905
127.343723
127.780087
128.293074
127.913420
127.910390
128.408658
129.014286
129.196970
129.164069
128.527273
127.579654
126.962771
126.320346
126.499134
126.327706
126.290043
125.825541
126.304329
125.955844
126.235065
126.199134
127.129437
127.641991
127.533333
126.985714
126.487879
125.866667
126.207792
126.261472
126.415152
126.745887
127.345022
127.570996
127.712987
128.117749
128.777922
128.827273
128.745022
128.593074
128.497835
128.265801
128.156277
128.325108
128.513853
128.499567
128.325541
127.530736
128.166234
128.361039
128.729870
128.566667
128.708225
128.802165
128.586580
128.247619
128.382684
127.833333
127.675325
127.783117
127.522944
127.112554
127.485281
127.774026
127.656277
127.501299
126.977922
126.551082
126.690476
126.397835
126.518182
126.056710
126.433333
126.219481
126.700866
126.625541
126.799567
126.732468
126.485281
126.083117
126.324675
126.598268
126.608225
126.869697
126.946753
126.931602
127.250649
127.325541
127.255844
127.276190
126.960173
126.951948
126.916450
126.946753
127.255411
127.371429
127.877489
127.897403
127.454978
127.025974
126.896970
126.968831
126.860606
126.173160
126.556710
126.332468
126.353680
126.690476
126.784848
126.989177
126.985714
127.593506
128.148052
128.262771
129.030303
129.188745
129.480519
129.603896
130.075758
129.963636
129.919913
128.790043
127.897403
128.306494
128.421645
128.145887
128.474459
128.554113
128.291342
128.286580
128.508658
128.372294
129.019913
128.756277
128.692641
128.680952
129.032468
128.661905
128.938961
129.245022
130.218615
130.578788
130.806061
130.812121
130.974026
131.101299
131.060606
130.472727
130.067100
130.426840
129.880952
129.810823
130.327706
130.475325
130.877489
130.726840
130.439827
129.993074
130.102165
130.245022
130.424675
130.507359
130.285281
129.497403
129.020346
128.505195
127.819481
128.443290
128.620779
128.692208
128.859307
128.633333
128.620346
128.326407
128.366667
128.357143
128.343290
128.025108
128.534632
129.180519
129.130736
128.575758
128.442424
128.258874
128.059740
127.671429
127.830736
127.758874
127.980519
127.906494
128.665801
128.851515
128.279221
128.900000
129.529437
129.616883
130.027706
130.058442
129.860173
130.004762
130.341126
130.232035
130.657576
129.975325
130.111688
130.073160
130.225108
130.330736
130.700866
130.804329
130.842424
130.793506
130.415584
130.464502
130.380952
130.557143
129.790476
129.977489
130.242857
129.842857
129.579654
129.148918
128.617749
128.602165
128.637662
128.432468
128.199567
128.986147
128.519913
128.376190
128.445022
128.521645
128.717749
128.650649
129.020346
128.577056
128.505195
128.600433
128.485714
128.318182
128.530303
128.489610
128.992208
129.148918
129.201299
129.042857
129.295671
129.931602
130.221645
130.394805
130.725108
130.681818
130.896970
130.625108
130.152381
129.630303
128.836364
128.849351
128.711255
128.908225
128.849351
128.219913
128.338095
128.123377
128.032900
128.068398
128.675758
128.766667
129.078788
128.885281
128.687446
128.484848
128.967100
128.712121
129.129870
128.801732
128.983550
129.436797
129.821645
130.074892
130.326840
129.827273
129.929004
129.850649
129.917749
129.622944
129.696970
130.026840
129.867532
129.690909
129.589177
129.309091
129.509091
129.327273
129.360173
129.144589
129.251082
128.673160
128.720346
128.834199
129.098268
129.348052
129.687446
129.504762
129.151515
127.745887
126.954978
126.626840
126.874892
126.785714
126.729004
126.409091
126.738961
126.753247
126.933333
127.553680
127.835931
127.661472
127.585714
127.216450
127.164502
126.823810
126.960173
127.324242
127.571429
128.060606
127.777056
128.109957
128.190043
128.175758
128.425108
128.837229
129.278355
129.198268
128.938961
129.006061
128.942857
128.543723
128.603463
128.464935
128.759740
128.711255
128.243290
127.870130
128.001299
127.964069
128.721645
128.534632
128.760606
128.567965
127.992208
126.487446
125.923377
125.637662
125.772727
125.927273
126.067532
125.842424
126.616450
127.074892
127.236364
127.329437
127.330736
126.742857
126.802165
126.724675
127.078355
126.998701
127.300866
127.468831
127.873593
128.058442
128.456710
128.807792
128.474892
128.538528
128.438961
128.312121
128.181818
128.112554
128.392641
128.396104
128.429004
127.561039
128.017316
128.135498
128.095671
128.218615
128.414719
128.785281
128.985281
128.973160
128.616450
128.241991
128.596537
128.617749
128.424242
127.946320
127.385281
125.900866
125.809091
125.958009
125.490043
126.356277
126.976623
127.212554
127.358009
127.083983
126.776623
126.719481
126.679221
126.577056
127.123810
127.250216
127.697835
127.356710
127.777922
128.064935
127.729004
128.534199
128.719481
128.789177
129.077056
128.722078
128.509524
128.619048
128.652814
128.686147
128.591342
128.501732
128.866234
128.879221
128.407359
128.496970
128.394372
128.170563
128.599134
128.737662
129.059307
128.929870
127.988312
126.890476
125.819048
125.879654
126.745455
126.557576
126.239394
126.450216
126.317749
126.017316
126.523810
127.308658
127.476623
127.319048
127.114286
126.611688
126.648485
126.677056
126.317749
126.463203
126.625108
126.698268
127.151082
127.880952
128.124675
128.232035
128.124242
128.241991
128.310390
128.252381
128.345887
128.146320
128.587879
128.667100
128.782251
128.657576
128.413853
127.516017
126.748052
126.624675
126.682251
126.170130
126.556277
126.251948
126.351515
126.284416
127.181818
128.448918
128.668831
128.749784
128.554978
128.413420
128.614286
128.350216
128.539827
128.565368
128.384416
127.851082
128.236797
128.348052
128.457143
128.623377
128.674459
128.923377
129.406061
129.025541
128.503896
128.225974
128.662338
128.652381
128.479221
127.955844
126.970130
126.094372
126.155411
126.276623
126.106061
126.517749
126.199134
126.122944
127.126840
127.234632
127.644156
127.665801
126.604329
126.779221
126.634199
126.261905
126.798701
peixe2-510-570.MOV