68.521191
69.383963
69.388087
69.485223
69.708820
69.816724
69.236426
70.315464
70.705613
71.040550
70.735853
71.046506
70.788087
70.868270
70.681329
71.097365
70.729439
70.900802
70.862772
71.385796
70.600000
70.846964
70.909737
71.152577
70.965407
71.100115
71.273998
71.464147
70.986712
71.246735
71.116838
71.217640
71.276518
71.294845
71.417869
71.119817
70.293471
70.005498
69.841237
69.914777
69.769989
69.522108
68.868958
68.728064
68.417182
67.749828
67.977090
68.129210
68.408018
68.964719
70.294616
70.284078
70.186712
70.299885
70.450630
70.414433
69.859794
69.862543
69.661397
69.339977
69.509737
70.299427
70.394273
70.315006
70.001833
70.314777
69.568614
69.840779
70.091180
70.321191
70.035052
70.306300
70.417640
70.634593
70.262085
70.640092
70.603666
71.002062
71.084078
71.328064
71.014662
71.235739
70.858190
71.094158
70.694387
70.892554
70.631157
70.983505
70.704467
70.251546
69.048568
69.022222
69.238946
69.219931
69.301947
69.401833
69.079038
69.215349
69.080412
69.315693
69.353494
69.466438
69.679954
69.643757
69.653150
69.734708
69.761970
69.825888
69.663001
69.623139
69.604582
69.962887
70.134479
70.014204
69.842383
69.957617
69.984422
70.334021
70.377320
70.786942
71.164490
71.300115
70.936999
71.156930
70.930584
71.028637
70.872165
71.203436
70.968156
71.171592
71.008247
71.179152
71.010538
71.350745
71.066438
71.444674
71.277434
71.461168
71.145246
71.152119
70.699198
70.861627
70.709966
70.912715
70.728293
71.045819
70.797938
71.046964
70.296449
70.034822
69.158992
69.175945
69.314777
68.902635
69.145475
69.173196
69.345246
69.826346
69.638488
69.681558
69.690493
69.659794
70.033677
70.713173
71.140206
71.253837
71.289805
71.237572
71.374800
71.330584
70.972279
70.982818
71.070103
71.047881
71.162199
71.088660
71.156472
71.062085
70.944330
71.088889
70.914548
71.114777
70.785567
70.962428
70.799313
71.050859
70.961054
71.161970
71.082703
71.339519
70.863001
70.371134
69.490263
69.506300
69.322566
69.737457
69.339519
69.556014
69.173425
69.459336
69.290034
69.561283
69.576174
70.213288
70.443070
70.735853
70.965865
71.425888
71.109507
71.199771
70.908133
71.268958
71.319129
71.210309
71.227721
71.338603
71.300344
71.171592
71.016953
71.011226
71.098740
71.025659
70.851775
70.748683
70.654066
70.716151
70.736312
70.788087
70.717526
70.771363
70.844903
70.986254
70.928293
70.639633
70.328293
69.210309
69.258419
68.950515
69.035510
68.992669
68.948454
69.080412
68.847881
69.403207
69.548912
69.761970
69.673769
69.966323
69.530584
69.730813
69.744559
70.079267
69.795189
69.935624
69.660939
70.200916
70.555326
70.943414
71.110424
71.257045
71.345475
71.561283
71.358763
71.557847
71.189920
71.445132
71.279725
71.355097
71.022222
71.221535
71.162199
70.971363
71.063230
70.825430
70.895074
71.009164
71.493013
71.581901
71.489347
71.224284
71.153723
71.423826
71.088660
71.289576
71.073310
70.084307
69.616724
69.635052
70.001145
69.992669
70.075830
70.050172
69.825888
69.538144
69.498511
69.601604
69.419702
69.786254
70.114318
70.805498
71.204582
71.710653
71.624284
71.592669
71.386025
71.507904
71.133562
71.387858
71.307216
71.531959
71.307216
71.283620
70.930126
70.631157
69.809622
70.035510
69.692096
69.990836
69.709049
70.037342
69.906071
70.199084
70.550057
71.002978
71.056128
71.553723
71.463918
71.620160
71.488431
71.526460
71.346392
71.117068
71.260481
71.199542
71.170218
71.116838
71.331730
71.267583
71.088431
71.025430
70.977090
71.198167
71.380527
71.175487
71.210080
71.088660
71.016266
71.006186
71.060481
71.198167
71.223368
71.393127
71.280412
71.067812
71.085452
70.621306
69.710653
69.756930
69.705842
69.692096
69.623139
69.920504
69.524170
69.732875
69.429553
69.742268
69.743872
70.296907
70.547537
71.182818
71.200687
71.887285
71.580527
71.512715
71.166552
71.426575
71.196793
71.468499
71.172050
71.523482
71.467354
71.568614
71.307446
71.500802
71.187858
71.457274
71.356243
71.822451
71.740893
71.833677
71.492554
71.619244
71.497595
71.310653
71.458877
71.287056
71.346621
70.953723
70.149141
69.050172
69.360825
69.361054
69.395876
69.448110
69.718213
69.790378
69.920275
70.105613
70.682245
70.894387
71.130584
71.367468
71.434364
71.358992
71.490722
71.558763
71.641695
71.554410
71.337686
71.437801
70.951890
71.263688
71.170676
71.478809
71.400000
71.372050
71.061856
71.171592
71.092554
71.454754
71.116838
71.332646
70.983963
71.139290
70.915922
71.201375
71.074914
71.209622
71.111569
70.707675
69.687514
69.475372
69.185338
69.589233
69.456816
69.722795
69.452005
69.681329
69.504926
69.914089
69.669416
69.928751
70.233677
70.112944
70.021535
69.994044
70.126690
69.987629
69.993356
70.330813
70.236197
69.994044
69.987858
69.991523
70.075601
70.147995
70.599084
70.509737
70.277892
70.283391
70.236655
69.980069
70.126919
70.382589
70.787858
71.054066
71.257274
71.421077
71.153036
71.526919
71.075372
71.413517
71.058419
71.298053
71.045361
71.243528
71.081787
71.473998
71.226346
70.976861
70.783963
70.951432
70.630011
70.853837
70.533792
70.263001
69.544101
69.398167
68.916380
69.464147
70.031615
70.358763
70.178007
70.446964
70.156701
70.293700
70.045361
70.215349
69.677663
70.032532
69.589233
69.638259
69.896449
70.036426
70.416037
70.616953
70.804353
70.952348
71.048797
71.194044
71.164490
71.165407
71.441466
71.905842
71.867354
72.077205
72.291867
72.173883
72.211455
72.059794
72.397480
72.427033
72.368614
72.588545
72.549828
72.723482
72.863001
72.917755
72.869645
73.033677
72.939519
73.217182
73.186483
73.368385
72.992211
73.103322
72.638259
72.993814
72.358076
71.402291
70.701489
71.378465
71.119817
70.993814
71.367927
71.536082
71.052234
71.507216
71.393356
71.559908
71.584422
71.755097
71.746850
71.737228
71.367010
71.813288
72.342955
72.866208
72.803895
73.105842
72.712486
72.917526
72.833219
72.828408
72.544788
72.197709
71.805040
71.212142
70.911111
71.245590
71.373425
71.280412
70.836426
70.878809
71.304009
71.628179
71.334937
70.920046
70.610309
70.700115
70.669187
70.929668
71.135166
71.249026
71.041237
71.510653
71.630928
71.916151
72.223597
72.497595
72.603895
72.746621
72.581443
72.660023
72.438717
72.704926
72.730584
72.815120
72.545704
72.847194
72.620160
72.807102
72.698511
73.010997
72.657274
72.962887
72.734708
72.975029
72.737228
72.920275
72.838717
72.797480
72.553494
72.719129
72.225659
72.466208
71.694387
71.082474
70.816495
70.820389
70.765636
70.608935
70.631844
70.598855
70.851317
71.115006
71.002062
70.960825
71.007331
71.223368
71.165178
71.189920
71.421306
71.526002
71.604811
71.638488
71.708820
71.906300
72.106758
71.930584
71.917297
71.842153
71.817182
71.601833
71.458419
71.791753
71.871936
71.615349
71.561054
71.755097
71.478121
71.753265
71.391065
71.915693
71.943872
71.762658
71.600458
71.756930
71.758305
71.961970
71.656357
71.641008
71.521879
71.776861
71.561054
71.743872
71.660710
71.746163
71.935166
72.035510
71.884307
72.439175
72.401145
72.839404
72.872165
73.030011
72.634593
73.169759
72.935166
73.022222
72.945475
73.002062
73.024055
72.861168
72.257503
71.682932
71.320275
71.174570
71.419931
71.378236
71.226804
71.188545
71.242153
71.303322
71.502864
71.677434
71.767927
71.654066
71.803895
72.010767
71.841924
71.832073
72.100344
72.252921
72.369530
72.602520
72.798855
72.735853
72.804124
72.797480
72.776403
72.870332
72.980985
73.053837
72.812371
72.949141
72.572050
72.986483
72.815349
72.774800
72.860252
72.910653
72.772279
72.797938
72.808935
72.947766
72.606873
72.885911
72.639863
72.690951
peixe2-210-235.MOV