137.246263
137.507737
137.090218
137.318909
137.311303
137.517703
137.420404
137.573040
137.456858
137.488067
137.423551
137.192237
137.093103
137.057435
137.005770
136.868345
136.640441
136.703383
136.604511
136.888539
136.855494
136.803567
137.088382
137.212956
137.265670
137.405717
137.499869
137.698138
137.685549
137.777865
137.978232
137.931288
138.127459
137.814319
138.193024
137.811959
137.788356
137.543142
137.736953
137.571204
137.766326
137.441909
137.808287
137.340152
137.306320
136.949908
137.120378
136.865198
137.007343
136.696564
137.032783
136.917388
137.136638
136.881196
137.223708
137.091004
137.472069
137.597430
137.745869
137.552846
137.367165
137.377393
137.356150
137.489116
137.423289
137.152111
137.189614
137.102544
136.985576
136.742722
136.592185
136.436926
136.290323
136.196958
136.148964
136.336480
136.232363
136.383950
136.325466
136.660110
136.729347
136.783635
136.722528
137.027013
137.195909
137.191975
137.249934
137.440598
137.484658
137.434304
137.366116
137.373197
137.788093
137.579334
137.920010
137.596905
137.791240
137.500393
137.749279
137.440598
137.690795
137.249148
137.238919
136.893522
137.096512
136.802518
137.001049
136.666142
136.678468
136.378180
136.345397
135.851036
135.675059
135.147128
134.883556
134.535274
134.319171
134.152111
134.418830
134.381852
134.213742
134.274849
134.126934
134.177813
134.148702
134.168634
133.864936
134.060058
133.842644
133.788880
133.589300
133.740100
133.528193
133.474430
133.248361
133.370837
133.511671
133.118542
133.272227
133.343037
133.242591
133.212956
133.177550
133.422502
133.246263
133.299502
133.233937
133.349331
133.399423
133.398899
133.459481
133.454760
133.621033
133.222659
133.603200
133.348020
133.592709
133.646473
133.630212
133.519538
133.562811
133.264621
133.396538
133.175977
133.310779
133.073958
133.247574
132.867034
133.040650
132.658537
133.053763
132.974561
133.184632
133.240493
133.217414
133.143457
133.232363
132.690795
133.064254
132.934173
132.962759
133.133228
133.087595
133.146341
132.956989
132.972987
133.189614
133.571204
133.083399
133.364805
133.354052
133.557828
133.521637
133.206924
133.175977
133.301338
133.291634
133.153160
133.091004
133.116706
133.004458
133.168371
133.169945
133.254393
133.152898
132.953842
133.072384
133.028062
133.061369
133.406766
133.153160
133.302387
133.557042
133.216103
133.543404
133.154996
133.250459
133.023079
133.274849
132.936533
133.262523
132.956727
132.915814
132.778914
133.089955
132.641752
133.097036
132.938369
133.221610
132.939680
132.974561
132.793601
133.024390
132.797272
133.162339
133.070024
133.193286
132.948335
133.068975
132.846840
132.765801
132.858117
132.770784
133.177813
132.993706
133.061894
132.885917
133.003934
133.061107
133.157094
133.059533
133.141359
132.867821
132.851036
132.852609
133.088382
133.020981
132.957252
132.853921
132.961185
132.859691
133.120640
132.923158
133.321007
133.151849
133.070024
132.925256
133.228691
133.228954
133.123525
133.115657
133.207710
133.519801
133.137687
133.509573
133.276685
133.547338
133.290323
133.392867
133.102544
133.509310
133.187254
133.628377
133.326777
133.508523
133.204563
133.367165
133.190401
133.357461
133.267244
133.635458
133.253082
133.510359
133.247312
133.602413
133.183058
133.300026
133.001049
133.311041
133.230265
133.019407
133.082088
133.376869
133.460268
133.357724
133.642539
133.483346
133.216103
133.113297
133.066876
133.114608
133.319696
133.187516
133.222659
133.285340
133.275111
133.143457
133.158668
133.175715
133.525308
133.114608
133.236821
133.021768
133.379229
133.072908
132.889326
133.090480
133.242853
132.915552
132.949908
132.846577
132.699187
132.983740
132.800420
133.044847
133.007868
133.129295
132.914241
133.025177
132.739051
133.155258
132.990296
132.901652
132.810648
133.039077
132.758720
133.093365
132.846315
133.172830
133.031996
133.141359
133.029635
133.196696
132.914503
133.068450
132.755835
133.009441
132.740886
133.094938
132.955678
132.987411
133.075269
133.323630
133.180960
133.083137
133.221348
133.068712
133.317598
133.322056
133.136376
132.897981
132.968529
132.829268
132.827695
132.875688
133.051928
133.029635
133.299764
133.068712
133.093365
133.134015
133.302649
133.421191
133.495148
133.222922
133.069761
133.024653
133.199843
133.153947
133.082350
133.231052
133.139523
133.538946
133.344611
133.565434
133.416732
133.446630
133.270915
133.576974
133.421977
133.564385
133.153160
133.278521
132.981379
133.127983
132.612641
133.041175
132.923944
132.970889
132.730134
133.087595
132.987411
133.152373
132.988985
133.086284
133.071073
133.081563
132.883556
133.054812
132.820614
132.527406
132.700761
132.707317
132.898243
132.962759
133.102806
132.934697
133.307894
133.085235
132.962759
132.852085
133.056648
132.940991
132.956989
132.981904
133.189090
133.089693
133.152111
133.156307
133.076318
133.055075
133.182271
133.305796
133.287175
133.250459
133.248885
133.009179
133.181222
133.069761
133.109363
133.105691
133.113559
133.198794
133.078940
133.471545
133.325466
133.371623
132.956989
133.066352
132.804354
132.991345
132.768686
132.877524
132.804878
132.981904
132.725675
133.204563
133.116968
133.519538
133.158405
133.367952
133.193024
133.341988
133.127983
133.182796
132.730921
133.087333
132.973512
132.968004
132.984527
132.824285
133.159454
133.164700
133.409389
133.334645
133.102019
133.232887
133.288749
133.188303
133.195909
133.192762
133.257802
133.083137
132.725675
132.832940
133.037241
132.897456
133.126934
133.125098
133.286389
132.936795
133.140572
133.182271
133.215316
133.023603
132.910307
133.116444
133.177288
132.994755
133.179649
133.343037
133.114608
133.291109
132.900865
133.189877
132.922109
133.095201
132.931025
133.288749
132.998164
133.174928
132.931812
133.211644
132.976134
133.416208
133.315500
133.459743
133.191188
133.431157
133.131393
133.432730
133.174403
133.301862
133.047469
133.229478
132.959874
133.187779
132.868345
133.038815
132.817991
132.873066
132.878836
133.058746
133.232625
133.125361
133.062943
132.880147
132.963284
132.877262
132.860740
132.904013
132.873328
132.833989
132.812484
132.900603
133.110149
132.921322
132.714136
132.833989
132.923420
132.715447
132.916339
132.767375
132.946761
132.747705
133.022030
133.028062
133.062156
132.904275
132.657750
132.729347
132.708891
133.144243
133.118804
133.152373
133.081301
133.300813
133.070548
133.369525
132.967217
133.159717
132.920010
133.206137
132.932861
133.212169
133.151849
133.251508
132.858904
133.076318
132.740362
133.183058
132.910045
133.154734
133.007868
132.991345
132.731707
133.055075
132.993706
133.233412
132.932337
132.992919
132.945450
133.027013
132.874115
132.655914
132.895096
132.917388
133.133491
132.992657
133.142408
132.882507
133.124574
132.852085
133.074744
133.040913
133.118804
133.034356
133.139785
133.204301
133.350118
133.279308
133.576974
133.453449
133.575924
133.212956
133.084186
132.975085
133.073171
133.007343
132.793863
132.720430
132.724889
133.098348
132.626279
133.115395
133.000000
133.186467
132.914503
133.011539
133.017309
133.208497
132.987936
133.151587
132.861264
133.088382
132.921060
133.230003
132.987936
133.249934
133.255704
133.429583
133.284028
133.452662
133.079727
133.189090
132.989772
133.209809
132.762916
133.160241
132.983740
132.780750
132.934959
132.877000
133.128245
132.950170
133.061631
133.152111
133.159717
133.130081
133.184632
133.448990
133.540257
133.523997
133.553370
133.367427
133.606609
133.439287
133.540782
133.428009
133.474430
133.346971
133.505114
133.564910
134.045371
133.761867
133.916339
133.899554
134.062156
133.990559
134.059271
134.315500
134.423551
134.808812
134.726200
135.402046
135.527931
136.464988
137.127459
137.729347
137.760294
138.070810
137.872804
137.903226
137.680566
137.730921
137.317073
137.408602
137.369263
137.514293
137.122738
137.583792
137.314975
137.660372
137.451088
137.742460
137.638867
138.003147
137.503016
137.744296
137.575662
137.346709
137.642276
137.676370
137.857855
137.822974
137.869656
137.818778
137.742985
137.585890
137.570417
137.521374
137.701023
137.703908
137.603200
137.500918
137.642014
137.571728
137.592447
137.637031
137.724102
137.762916
137.632311
137.489116
137.623918
137.467086
137.595856
137.654603
137.636244
137.763179
137.652505
137.704694
137.384999
137.796486
137.354839
137.602151
137.286389
137.508786
137.150800
137.597430
137.359822
137.420666
137.148964
137.442172
137.110149
137.113034
136.302911
135.821663
135.635720
135.517703
134.737739
134.771833
134.295306
134.212169
133.649620
134.070548
133.584317
134.022817
133.912929
134.044060
133.765539
133.282192
133.155783
133.128508
133.249148
133.206661
133.013113
132.900603
133.310254
133.062680
133.276947
133.196171
133.445843
133.251508
133.284815
133.307894
133.279570
133.334382
133.189877
133.103855
133.385785
133.258065
133.268555
133.275898
133.222922
133.304222
133.239444
133.327039
133.416732
133.274325
133.337005
133.278783
133.282455
133.404406
133.191450
133.318122
133.112248
133.271178
132.999475
133.139260
132.884343
133.354052
133.234461
133.568843
133.360346
133.624443
133.453973
133.713611
133.480724
133.758458
133.543929
133.437189
133.452400
133.695778
133.399423
133.667716
133.399423
133.481511
133.318647
133.279570
132.997640
133.046420
133.178075
133.254917
133.585890
133.428009
133.683451
133.396276
133.643850
133.520587
133.068188
132.957514
132.889326
132.817729
132.889064
132.938106
133.221610
132.998426
133.253082
133.179911
133.196433
133.104904
133.259376
133.173617
133.339103
133.108838
133.138474
133.240755
133.476528
133.453186
133.530816
133.296617
133.199580
133.336218
132.934959
133.286651
133.089693
133.272227
133.109625
133.330973
133.129557
133.455022
133.172305
133.399685
133.214529
133.436664
133.300288
133.398899
133.114346
133.334645
132.925518
133.404931
133.073958
133.300026
132.971151
133.406242
133.266981
133.426960
133.190926
133.291634
133.205612
133.211907
133.184894
133.134015
133.324679
133.132442
132.931550
133.040650
133.170469
133.103855
133.025177
133.077629
133.137162
133.151324
133.216627
133.232625
133.282455
133.103593
133.495410
133.681878
133.535012
133.380016
133.484133
133.492001
133.554681
133.522423
133.612116
133.550485
133.546814
133.469709
133.476528
133.394440
132.810910
133.074220
132.742198
133.148964
133.011015
133.176764
133.080252
133.324679
133.187516
133.384999
133.224233
133.332284
133.120640
133.307107
133.071073
133.407815
133.136900
133.292421
133.084448
133.414634
133.023341
133.314713
133.134277
133.350118
133.116444
133.362182
133.220299
133.192762
133.227118
133.000262
133.161553
133.233937
133.418306
133.353790
133.241280
133.093889
133.128508
132.929452
132.880671
132.809599
132.795437
132.848676
132.887490
132.814582
132.951220
133.022292
133.011802
132.701285
132.816942
132.863100
133.158143
132.851560
133.188303
133.064254
132.783373
132.916863
132.905586
132.968004
133.106216
133.133753
133.194073
133.395227
133.078154
133.246001
133.251508
133.418044
133.272227
133.415159
133.344873
133.409127
133.137687
133.356150
133.285077
133.426436
133.311828
133.507474
133.280357
133.578809
133.282717
133.418306
133.164437
133.425387
133.161815
133.495935
133.301075
133.584317
133.236559
133.413323
133.246787
133.333333
133.448990
133.596643
133.763441
133.482297
133.527669
133.461579
133.340939
133.261474
133.199580
133.131393
133.185681
132.995017
132.937582
132.976134
133.131917
133.159454
133.251246
133.212431
133.383163
133.360871
133.330186
133.246263
133.512195
133.502491
133.200367
133.249934
133.073171
133.023866
133.236035
133.290323
133.339890
133.682927
133.194597
133.158405
132.987674
133.272751
133.059009
133.086546
132.934173
133.233937
132.978232
133.438762
133.362969
133.641227
133.272227
133.392604
133.288749
133.530816
133.326252
133.626803
133.292945
133.336480
133.124574
133.508523
133.363756
133.638605
133.583530
133.645161
133.359035
133.045371
133.158405
133.392604
133.599266
133.508261
133.499607
133.514031
133.601101
133.567794
133.439024
133.580645
133.744034
133.416208
133.490690
133.471282
133.551272
133.299239
133.164962
133.210071
133.472594
133.392342
133.312877
133.089431
133.275898
133.048780
133.156307
132.957776
133.003409
132.820876
133.203514
133.370050
133.148964
133.657750
133.199843
133.436664
133.056124
133.375820
133.165486
133.515080
133.287962
133.411487
133.266719
133.239444
133.093103
133.289536
133.476790
133.631261
133.541568
133.575662
133.100446
133.661159
133.514555
133.774194
133.704957
133.865985
133.614739
133.877262
133.262785
133.606871
133.251246
133.059795
133.293994
133.165486
133.514031
133.375033
133.280881
133.350905
133.232625
133.049043
133.262523
133.206137
133.477314
133.472331
133.427747
133.297666
133.453973
133.304222
133.181747
133.250459
133.586677
133.368476
133.425387
133.565172
133.546027
133.367689
133.277734
133.262785
133.430632
133.135589
133.339103
133.164437
133.319696
133.543666
133.227905
133.367952
133.077891
133.156045
133.006557
133.241804
132.918961
133.402832
133.076580
133.301075
133.188303
133.420142
133.158930
133.370574
133.226593
133.339890
133.109887
133.372672
133.115395
133.307107
132.973512
133.255966
133.093365
133.274062
133.269604
133.074482
133.105953
133.040126
133.316024
133.242591
133.268817
133.027800
132.907422
132.748754
133.042748
132.891424
133.028849
132.918961
133.154472
133.084710
132.919748
132.872017
133.023603
132.783110
132.807238
132.695778
132.922371
132.778652
132.576974
132.461054
132.579072
132.632048
132.474692
132.512982
132.612641
132.250721
132.222397
132.259114
132.181747
132.460005
132.137949
132.630212
132.311041
132.481248
132.296092
132.613690
132.354052
132.622345
132.396014
132.600839
132.225544
132.470496
132.131917
132.331235
132.340939
132.606871
132.312090
132.619197
132.382901
132.612116
132.289274
132.075007
131.824548
131.938631
131.690008
132.009179
131.794650
131.731707
131.638605
131.609494
131.539995
131.297666
131.128245
130.997902
131.176764
131.005245
131.265408
131.094152
131.216890
131.204301
131.462366
131.299764
131.443221
131.242853
131.098610
131.258327
131.555993
131.386310
131.365854
131.406242
131.461054
131.269604
131.608445
131.625492
131.454760
131.316549
131.206661
131.291372
131.293470
131.584317
131.340677
131.495148
131.335956
131.427223
131.008655
130.996066
130.819827
131.063467
130.812746
131.237084
131.102282
131.287175
130.911356
131.232363
130.981117
131.271702
131.014687
131.138211
130.981379
131.112248
130.966431
131.245476
130.998689
131.252033
130.981117
131.312352
131.099397
131.036192
131.107265
131.122476
131.395751
131.359559
131.278521
131.298715
131.234986
131.058746
131.149226
131.204301
131.082088
131.140834
131.385785
131.324154
131.620247
131.499344
131.617624
131.633622
131.666667
131.616050
131.606084
131.771309
131.591922
131.540257
131.356937
131.411225
131.637818
131.641490
131.803042
131.641752
131.514818
131.818778
131.528193
131.703908
131.336743
131.621033
131.527931
131.816155
131.556779
131.679255
131.345135
131.722004
131.474954
131.549174
131.303960
131.552583
131.257278
131.470233
131.194597
131.390768
131.075007
131.451351
131.169683
131.438238
131.010228
131.373984
131.220299
131.302911
131.162339
131.113297
131.277210
131.081039
131.145030
131.069237
131.222922
131.243378
131.319434
131.152898
131.014687
131.046158
131.183320
131.043011
131.132442
131.139523
131.529767
131.333596
131.085759
131.263572
131.168634
131.195646
131.166011
131.207973
131.291109
131.355101
131.232363
131.348020
131.409651
131.196433
130.952006
131.066090
130.945712
131.067401
130.767375
130.912929
130.625754
130.724626
130.109625
130.512982
130.248623
130.523210
130.423026
131.420928
131.388408
132.027800
132.174403
132.775243
132.861002
133.392342
133.402570
133.543404
133.077105
133.189352
132.757409
133.267506
133.094152
133.303173
133.006819
133.210071
133.048780
133.426436
133.424076
133.453449
133.585104
133.352478
133.473905
133.499344
133.846840
133.738264
133.799108
133.853396
133.851298
133.573040
133.652242
133.700498
133.672961
133.525833
133.401521
133.425911
133.803304
133.489641
133.519801
133.461841
133.763179
133.598479
133.651718
133.671912
133.449777
133.307632
133.288487
133.495935
133.393916
133.619722
133.337530
133.436402
133.359822
133.630212
133.568581
133.769473
133.532127
133.783897
133.592447
133.820351
133.600577
133.797272
133.349593
133.476528
133.392342
133.482822
260-310-peixe2.MOV