90.415195
90.845372
91.142590
91.099251
90.302033
90.128678
89.815142
89.498662
89.608347
89.675762
89.921081
89.530765
89.939272
90.381220
90.844837
90.877475
91.457999
91.914660
92.488497
92.146870
92.471910
92.094168
91.518459
91.093365
91.033173
91.362493
91.161584
90.794275
90.556715
90.323435
89.967897
89.967897
90.260567
89.887105
90.123060
90.339219
91.047887
91.496522
91.734885
91.628946
92.217764
91.910112
92.189139
91.627073
91.695827
91.478331
91.554307
91.410915
91.485286
91.068218
91.019262
90.376404
90.175762
89.595773
89.715891
89.689941
89.822365
89.742911
90.644730
91.261370
91.554575
91.553505
91.846977
91.305778
90.831996
90.528625
90.283574
90.058320
90.123328
90.323167
90.552167
90.880417
91.890048
91.864633
91.985554
92.337079
92.369716
92.333333
92.372124
92.363296
91.749866
91.205190
90.753344
90.478063
90.366506
90.787052
90.874799
90.774746
91.342429
91.930712
92.202515
92.112360
92.018192
91.451578
91.798288
91.531300
91.994917
91.954521
92.036383
91.317817
91.176030
90.695827
90.270198
89.954789
90.039326
90.173087
90.575709
90.733815
91.712146
92.178438
92.483146
92.612360
92.839219
92.768325
92.296683
91.592295
91.257357
90.703585
90.973248
90.868914
91.172285
91.353398
91.681915
91.944890
92.223649
92.348850
92.547084
92.684323
92.792135
92.924826
92.097913
91.871589
91.539058
91.151150
91.198234
90.837346
90.894864
90.752541
91.484216
92.227127
92.522204
92.911985
92.971375
93.024077
92.863831
92.941413
92.698234
92.578919
92.654093
92.559390
91.857143
91.461477
91.384965
90.996255
91.132959
91.060728
91.163456
90.606474
91.399679
91.618780
92.443018
92.330391
92.848582
92.743981
93.105939
93.493312
93.257624
92.751204
92.283842
91.553237
91.348850
90.662386
90.861156
90.851792
91.204387
91.561530
92.042536
92.179508
93.048422
92.941680
93.218834
93.490637
93.486089
93.465222
92.736490
92.174425
91.771001
91.463617
91.589085
91.411450
91.570894
91.541734
92.098448
92.803638
92.914660
92.960674
92.968432
92.698234
92.598448
92.759230
92.784377
92.882022
92.793205
92.677368
92.067416
91.730605
91.415195
91.354200
91.155698
90.695024
90.967630
91.182183
91.776886
92.025682
92.518459
92.351257
92.839754
92.681915
92.222044
91.372392
90.874264
90.426966
90.834136
90.948368
90.798020
91.060728
92.196897
92.694222
93.106207
93.360888
93.430177
93.319957
93.142055
92.989032
92.613697
92.849385
93.032103
92.886035
92.622793
92.112092
91.724719
91.786517
91.670144
91.467095
91.397806
91.123863
91.373729
91.507491
92.395399
92.697967
92.742911
92.243981
91.655698
91.338416
91.038256
90.764580
91.199037
91.304441
91.807384
92.403424
92.772338
92.878277
93.139647
93.216693
92.839486
92.968700
93.194222
92.914393
92.446763
92.114767
92.013376
91.789995
91.686731
91.477261
91.726057
91.561263
92.262440
92.689406
93.126271
92.925094
92.667469
92.241573
92.140449
91.686998
91.953184
91.780899
91.853933
92.006153
92.575174
93.476458
94.211878
94.272873
94.421081
94.351792
94.101124
93.500268
92.690744
92.395131
92.511503
92.006421
92.168539
92.909042
93.467095
94.010433
93.856340
93.706528
93.605136
93.403424
93.341091
92.863296
93.656768
93.855003
93.620653
93.177368
92.631086
91.797753
90.529160
90.390583
90.160246
89.989032
90.248796
90.432584
90.747191
91.103799
91.495987
91.706260
91.908240
91.679775
91.494650
91.619048
91.592830
91.144730
91.027822
90.121455
89.834136
89.373194
89.564741
89.737025
90.116105
90.152220
91.024345
91.455056
91.631354
91.610487
91.729267
91.238095
91.475655
91.410915
91.597378
91.784912
91.523542
90.631621
90.305511
89.600054
89.281166
89.009898
89.345372
89.564473
90.155163
90.639914
91.360086
91.244783
91.322900
91.140182
91.112092
91.010433
90.906367
91.003210
90.880685
91.278491
91.079454
90.460139
90.403692
90.309256
89.550829
89.111557
89.119583
89.238095
89.805778
90.373997
90.638042
91.082665
91.483146
91.386838
90.899144
90.160514
89.461477
88.942483
89.483414
90.003478
90.050562
90.044676
91.215891
91.656233
92.196362
92.155163
92.615302
92.418406
92.805511
92.655163
92.815409
92.449706
92.294543
91.550294
91.462012
91.101391
91.149278
90.979668
91.204655
91.437935
91.593633
91.607009
92.208133
92.415195
92.443820
92.324773
92.468432
92.352595
92.372659
92.062333
92.008026
91.818887
91.249064
90.906902
91.005083
91.017924
90.737828
90.872124
90.920011
90.561263
90.808186
91.028625
91.418673
91.627876
91.555645
91.559390
91.268325
90.836544
90.482879
90.071161
89.826645
89.704120
90.153291
90.398876
90.583735
91.337346
91.627876
91.890316
92.042001
92.096843
92.057517
91.969770
91.973783
91.238898
90.911985
90.311664
90.517121
90.453986
90.659711
90.657838
90.977261
91.041199
91.324773
91.518727
91.946495
91.944623
91.360888
91.189941
90.554040
90.680310
90.733815
90.466292
90.019262
89.719636
90.514179
91.107277
91.856608
92.152220
91.794810
91.340556
90.547084
89.776886
89.623328
89.810861
89.719369
89.867309
90.342429
90.837079
91.238630
91.899144
92.248261
92.348582
91.885500
91.664259
91.581594
91.986891
91.943285
91.573301
91.262440
91.002943
90.684056
90.343232
90.060995
90.521937
90.920278
91.085340
91.533173
91.658909
91.948101
92.106474
91.527287
91.002140
90.856875
90.285179
90.487159
90.157303
90.615302
90.814874
91.356875
91.582397
91.755752
91.934724
92.136169
91.824505
92.239165
92.257892
92.495987
92.429642
92.776083
92.572499
91.891386
90.735152
90.883895
90.415998
90.714018
90.719101
90.811396
91.265650
92.050294
92.245051
92.430177
92.574104
92.466025
92.288122
92.054307
92.260567
92.310326
92.224452
91.887373
91.551097
91.263777
90.855538
90.895399
90.480738
90.872927
90.519797
91.143125
91.657571
92.014714
92.330658
92.635902
92.504013
92.362761
92.280631
92.084537
92.374264
92.529428
92.496255
92.635902
92.637507
92.183521
92.069823
91.584537
91.213216
91.076779
91.224987
91.652488
91.732210
92.351257
92.699839
92.928571
93.204120
92.440342
91.798020
91.220706
90.312199
90.440877
90.485286
90.956661
91.202782
92.041466
92.482343
92.779561
92.735955
92.440075
92.212681
92.331193
92.386303
92.285447
91.891921
92.029160
91.863028
91.743981
90.777689
90.218031
90.135367
90.718566
91.339219
91.534243
91.907170
92.054307
92.208668
91.968700
91.225789
90.840824
90.211075
89.663991
89.569021
90.246923
90.568753
91.453184
92.135902
92.174425
92.174692
92.168807
91.873194
92.407972
92.707330
93.066346
93.371857
92.728732
92.486356
92.664794
92.730337
91.982611
91.571161
90.975655
90.483414
90.832798
90.776619
90.957731
90.574906
91.542269
92.112092
92.225522
92.387640
92.307116
91.898609
92.396201
92.709470
92.981541
92.690209
92.932852
92.844302
92.709470
92.366774
91.998662
91.035313
90.835206
90.584805
90.325040
90.209738
90.887640
91.371857
91.801766
91.856073
91.918673
92.062868
92.190744
92.060995
92.209738
92.418673
91.693151
91.061798
90.434189
90.297218
90.235152
90.282504
90.475923
91.037186
91.364901
91.837614
91.880150
92.122525
92.196362
92.034778
92.055377
91.984484
91.629749
91.120118
90.856608
90.582665
90.605671
90.593900
90.726057
90.768860
91.201445
91.136972
91.934992
91.986089
92.083200
91.824238
92.153023
91.854735
91.702515
90.993044
90.806581
90.564473
90.471643
90.223917
90.673087
90.940342
91.234885
91.747459
92.054307
92.015516
92.135902
92.184858
91.801498
91.337881
90.675495
90.411985
90.254949
90.142590
90.499732
90.811932
90.937935
91.722846
92.062065
92.068486
92.190744
91.830123
91.863028
92.068486
92.152755
92.448368
92.640449
92.465222
92.471108
92.503210
92.366239
92.154361
91.657303
90.849385
91.013644
90.693954
90.794810
90.874799
90.929374
91.540663
91.874264
92.243981
92.615837
92.488229
92.458801
92.064473
91.942483
91.262440
91.517389
91.146335
91.350722
91.146067
91.435795
91.794810
92.021669
92.104869
92.594971
92.568753
92.762172
92.522472
92.188336
91.525415
91.203317
90.793740
90.576244
90.504815
90.802301
90.461744
91.442750
91.796950
92.051097
92.340289
92.060995
91.493579
90.759230
90.349920
90.188604
90.131086
90.264848
90.284109
90.698234
91.424559
91.653023
92.295880
92.157571
92.239968
92.374264
92.557785
92.178705
91.950241
92.266988
92.045746
91.837079
92.098181
91.529695
91.344569
91.376672
90.950508
90.921883
90.513109
90.361958
90.612092
91.050562
91.489834
91.887373
91.909310
92.493044
92.381220
92.420278
92.308989
92.112895
91.833333
92.255752
92.058320
92.287319
91.674425
91.359016
90.955591
90.762172
90.285982
89.913055
90.123863
90.458266
91.005350
91.552702
91.748261
91.823703
91.517657
90.847245
90.548154
90.622793
90.592295
90.212413
89.978866
90.024880
90.811664
91.237828
91.362493
91.295880
91.702782
91.990637
92.193419
92.258694
92.062333
92.178170
92.168004
91.841627
91.820492
90.894596
90.810594
90.470840
90.109684
90.196362
90.294007
90.489032
90.829856
91.678170
91.570894
91.733547
92.216426
92.555110
92.651685
92.803103
92.826913
92.624131
91.879615
91.444355
91.243178
91.093098
90.608614
90.751739
90.704387
91.357678
91.420546
91.799893
92.034243
92.259230
92.441948
92.605404
92.331728
92.550294
92.210273
92.274211
92.032103
92.161316
91.989032
91.300428
90.701445
90.528090
90.570894
90.423221
90.537988
90.780631
91.110754
91.304173
91.316212
91.586410
91.736223
91.913323
91.637507
91.242108
90.927501
90.722044
90.498662
90.552970
89.928036
90.142590
90.632156
91.331193
91.763242
92.136972
91.970037
92.122525
92.398609
92.042536
91.901819
91.776619
91.000268
90.399946
90.196897
90.492777
90.590958
91.099786
91.065811
91.692884
91.606474
91.979936
91.802301
92.088015
91.947030
92.306849
92.156233
91.824238
91.255217
91.258962
90.863028
90.456126
90.268058
90.822900
90.649813
91.032103
91.395131
91.731942
92.019529
92.234885
92.366239
92.712413
92.444890
91.411182
91.145265
90.787587
90.337346
90.396469
90.602194
90.468165
90.682183
91.147940
91.775816
92.057785
92.345907
92.221509
92.011503
92.140984
92.216693
92.246388
92.212681
91.894329
91.306046
91.429642
91.237560
91.161584
90.678705
90.604066
90.440877
90.633226
91.253612
91.838684
92.007223
92.108347
92.306849
91.808454
91.002408
90.849385
90.455591
90.631354
90.683788
90.993579
91.037453
91.639914
91.763242
91.941413
91.553772
91.818352
91.424559
91.553772
91.091225
90.636972
90.435795
90.461477
90.887373
90.723649
90.289727
90.657838
90.507758
91.166399
91.348047
91.710273
91.817282
92.074104
92.060728
91.793205
91.162654
90.770198
90.276886
89.974585
89.771001
90.023274
90.176565
90.773676
91.119583
91.760835
91.732210
91.614767
91.412788
91.100321
90.209738
89.882022
90.179508
90.300696
90.526752
90.478598
90.601926
90.992242
91.146067
91.036116
91.221241
91.463349
91.762172
91.841091
91.582932
91.282504
90.898609
90.246388
89.741573
90.034510
90.185126
90.501605
90.711343
91.327715
91.485821
91.782236
91.681648
91.993044
91.558320
91.700375
91.684858
91.384163
90.725789
90.860086
90.221776
90.604066
90.526485
90.377742
90.169877
90.750134
90.959337
91.297753
91.433387
91.532638
90.991707
90.620118
90.316479
90.203050
89.620118
89.725789
89.770198
90.058052
90.760567
91.289995
91.291065
91.093365
91.626806
91.686731
91.661851
91.662119
91.685126
91.476993
90.671750
90.350990
90.035848
90.042536
90.623596
90.833333
91.207598
91.804441
92.353933
92.321027
92.555110
92.647405
92.535313
92.424826
91.670412
91.132691
90.307919
90.335474
90.141787
90.053772
89.827715
90.343767
90.634296
91.174960
91.184858
91.222579
90.478598
90.637239
90.207865
90.219369
90.036116
90.512306
90.438470
90.788925
90.674960
91.210808
91.329856
91.488497
91.807919
92.083735
91.822900
91.975120
91.929642
92.149545
91.376672
91.230872
90.928839
90.598716
90.510166
90.803371
90.907170
91.214018
91.794543
91.911182
92.186731
91.870251
91.678973
91.672285
92.031300
92.047084
92.491172
92.470037
92.406100
92.320492
92.478331
92.425094
92.283039
91.914393
91.190744
90.971643
90.875869
90.768325
90.621990
90.699037
90.501873
90.538791
90.474853
91.101391
91.323970
91.467897
91.296683
91.847245
91.814339
91.986089
91.927501
92.203852
92.109952
91.172820
90.264848
90.158106
90.084805
90.124131
89.923221
90.269128
90.423488
90.854200
91.365704
91.569823
91.565276
91.673622
91.894329
92.020599
91.731675
91.983949
91.780899
91.782772
91.468165
90.900214
91.187266
91.157036
90.909845
90.260835
90.508293
90.481273
90.504815
90.765383
91.471643
91.753879
91.189406
91.112627
90.550829
90.722044
90.063403
90.143125
90.614767
91.047887
91.626271
92.284912
92.540128
92.409042
92.225254
91.291600
90.704655
90.416265
90.020332
90.224184
90.332798
90.617175
90.884965
91.698234
91.864633
92.398876
92.386570
92.723649
92.610487
92.404494
92.017657
91.935259
91.905297
92.189406
91.914393
91.615302
91.486624
90.823167
90.594703
90.399679
90.710540
90.851257
90.855003
91.651418
92.198769
92.142857
92.233012
91.465490
91.072766
90.740235
90.114232
89.910915
90.079454
90.135099
90.665062
91.485019
91.650883
91.804173
92.206260
91.899946
91.397539
91.300696
91.354468
91.260300
90.987694
90.745853
90.724452
90.365169
90.154896
90.307651
89.958266
90.358213
90.780631
91.573034
91.869449
92.138577
92.102194
92.136169
91.854468
91.886303
91.480738
91.815677
92.045479
92.787854
92.897539
92.532638
92.042001
91.444355
90.456929
90.262440
89.838416
90.329053
90.154628
91.107812
91.261905
91.665062
92.070358
91.720171
91.036918
90.687533
89.948636
89.885768
89.724719
90.141252
90.027020
90.577314
90.811664
91.449438
91.412253
91.822900
92.385500
92.661049
92.868111
92.017657
91.104869
90.964152
90.876137
91.140182
91.232477
91.012306
90.970305
91.055110
91.401284
91.667737
92.353665
92.519529
92.830123
92.862493
92.368914
92.258694
91.822900
91.425094
90.956661
90.975388
91.117710
91.218566
91.778759
92.018994
92.177368
92.331461
91.980738
91.556715
90.712146
90.723114
90.597646
90.903424
90.764312
91.150348
91.588550
92.211610
92.517121
92.928571
93.253344
92.943018
92.391118
92.852327
92.825575
93.137239
93.019262
93.057785
93.115570
93.245853
92.886570
92.516586
91.907437
91.200642
90.729535
90.586410
91.054040
91.330658
91.627876
92.555377
92.499732
92.784644
92.948636
92.885500
92.852060
92.801231
92.952381
92.904762
93.016319
93.158641
92.936597
92.114500
92.055912
91.829320
91.214018
91.128946
91.274478
91.374799
91.686463
92.069021
92.457731
92.605404
92.692349
92.996255
93.007491
92.257624
92.079454
92.186196
91.757624
92.067416
92.043071
92.205993
92.065811
92.678705
92.898341
93.254147
93.149010
93.575976
93.441413
93.677903
93.897806
93.544141
93.034243
92.310059
91.806581
91.804173
91.417871
91.673087
91.451578
91.816212
92.008026
92.457731
92.760300
92.225522
91.866239
92.302836
92.391921
92.422686
92.121990
92.105136
91.650615
91.434992
91.421616
91.134296
90.933119
90.991439
90.806314
90.744783
91.298020
91.554307
92.019529
91.887373
91.574906
91.097378
90.689941
90.462814
90.191814
90.467362
90.811932
91.277421
91.823435
92.199839
92.215891
92.235420
91.663456
91.139112
90.612895
90.660514
90.382022
90.940342
91.025682
91.715891
91.876404
92.255217
92.025682
91.800428
91.728999
92.226592
92.297485
92.607812
92.434992
92.731942
92.509631
92.506956
92.147405
91.676297
90.942750
91.317549
91.149813
91.154896
91.186998
91.104334
90.855538
91.467095
91.616907
91.902622
92.415195
92.167469
92.224184
92.190209
92.336009
92.176565
92.170412
92.256019
92.180310
92.302301
92.303906
92.439807
92.504280
92.017657
91.434992
90.932049
90.325040
90.442215
90.346977
90.698502
91.121990
91.872124
92.184056
92.495987
92.375334
92.363831
92.227662
91.841894
91.180310
90.458266
90.094703
90.624933
90.881220
91.172552
91.155698
91.731675
91.742911
92.003210
92.007491
92.333868
92.344302
92.332263
92.211878
92.403959
92.474853
92.405029
91.930979
91.503210
91.083467
91.131621
90.786517
90.940342
90.889781
91.048957
90.973248
91.503210
91.605136
91.957999
91.987426
92.340289
92.472980
91.837346
91.350187
91.126806
90.806046
90.686731
90.737293
90.529160
90.576244
91.066078
91.514981
91.888175
92.270198
92.300963
92.688068
92.702515
92.396201
92.134831
92.220439
92.302033
92.386570
92.337881
92.343767
91.718566
91.288925
90.999465
90.861958
90.421883
90.133226
90.390048
90.552702
91.399679
91.780096
92.242108
92.305243
92.463884
92.332798
92.260032
91.889513
92.096576
91.996255
92.345639
92.262172
92.375869
92.323703
92.117442
91.597111
91.480203
91.322900
91.300963
90.891118
90.724452
90.622525
90.994917
91.274746
91.882290
92.167469
92.239165
91.995452
92.289727
92.295613
92.368914
92.618780
92.630819
92.628143
92.315409
91.671750
91.298555
91.272606
90.594971
90.300696
90.650348
90.868379
91.170144
91.410915
92.280899
92.462279
92.404762
92.490102
92.373729
92.388175
92.367844
92.593365
92.157838
91.842697
91.732477
91.352862
90.706795
90.643660
90.430444
90.753879
91.064741
91.284109
91.857945
91.998662
92.381487
92.075976
91.509631
90.712948
90.708935
90.324773
90.640182
90.483146
90.673355
90.739700
91.377207
91.863563
92.399679
92.499197
92.497860
91.903157
91.609417
91.300963
91.261370
91.108347
91.311396
91.671750
92.092563
92.158909
92.386570
92.645265
92.779026
92.916265
93.134564
92.827983
92.954789
92.946495
93.054040
93.098983
93.087212
93.073569
92.878545
92.596308
92.296415
91.571429
91.371054
91.055377
90.524077
90.655163
90.569823
91.050294
91.254147
91.949706
92.138042
92.528625
92.413055
92.615837
92.492777
92.121455
92.123863
92.435795
92.574906
92.216693
92.619048
92.415730
92.453719
91.548422
91.556982
91.326645
91.147138
90.598448
90.610219
90.478331
90.991707
91.395399
91.931782
92.192616
92.471643
92.571964
92.501873
91.739165
91.497057
91.121188
90.990102
90.439272
90.785982
91.085340
91.333601
91.258694
91.872124
92.180043
92.084537
92.108882
92.063670
92.132959
92.264580
92.355270
92.245318
92.332531
91.765383
91.287587
90.956929
90.418406
90.556180
90.638042
90.933119
91.189139
91.446228
91.925361
92.056180
92.533708
92.474318
92.580257
92.238363
92.055645
91.810594
91.979668
91.785982
91.346709
90.968432
90.267255
90.366506
90.060728
90.602461
90.757624
91.304708
91.552167
91.853665
92.008026
92.390583
92.014446
92.167202
92.027020
92.191279
91.683253
91.656501
91.189941
90.618513
90.464687
90.699572
90.850990
91.342964
91.767523
92.216961
92.339486
92.733012
93.081594
92.743446
92.674425
92.682183
92.304708
92.471375
92.586410
92.397004
92.072231
91.891118
92.040931
91.953184
92.151418
91.988764
91.684858
91.744248
92.184858
92.595238
93.079989
93.157303
93.325308
92.883628
92.934189
93.079454
93.181915
93.182718
93.084537
92.678705
92.517657
92.351525
92.278224
92.167202
91.689139
91.446228
91.225254
92.132424
92.472980
92.885768
92.735152
93.307919
92.723114
92.948903
93.094168
93.392456
93.265383
93.038791
92.284644
92.153291
91.896469
91.799893
91.512039
92.001070
92.057785
92.434992
92.214286
92.380150
92.877742
93.232745
93.123328
93.080524
92.974318
93.098181
92.722846
92.490637
92.344034
92.040128
91.616907
91.321562
91.642857
92.080792
92.364366
92.819155
93.101659
93.316747
93.107277
93.069288
92.632691
92.006956
91.798020
91.737025
91.755217
91.922953
91.946228
92.148743
91.895399
92.128143
92.755752
92.941145
93.037186
93.132424
93.231942
93.128143
93.367309
93.319957
93.548154
93.693151
93.660514
93.490637
92.561798
92.806849
92.183788
92.311129
92.122258
91.916800
91.743981
92.016586
91.615837
92.092028
92.772873
93.112092
93.000535
93.000803
92.783842
92.359551
91.516319
91.101926
91.267790
91.612895
91.394596
91.381220
91.427501
92.387373
92.642055
92.500535
92.899144
93.149545
93.252006
92.918941
92.933119
92.250936
91.905029
91.608079
91.093098
91.234082
91.321562
91.485821
91.631621
91.924291
92.540931
92.784109
92.920546
92.899679
93.138577
93.281434
93.419208
93.462012
93.317282
93.131889
92.620920
92.012039
91.664794
91.165864
91.349920
91.519262
91.823167
92.372927
92.749866
92.852595
93.118245
93.045211
92.542804
93.082129
93.196362
93.482343
93.260567
93.612092
93.409577
93.576244
93.397004
93.272606
93.010701
93.191279
92.584805
92.109417
91.918138
92.230605
91.977261
92.258962
92.170144
92.275013
92.399946
