108.623840
108.798160
108.752720
108.903680
108.678240
108.844000
108.748720
108.888400
108.787760
108.875360
108.637040
108.815440
108.736640
109.004160
108.912320
108.974720
108.892240
109.007040
108.855280
109.119520
108.864640
108.730320
108.550960
108.777360
108.694560
108.777520
108.754160
108.866080
108.726160
108.893520
108.696160
108.755920
108.741520
108.866880
108.801440
108.892880
108.878960
108.956000
108.915280
108.956560
108.996000
109.014240
108.941360
108.878960
108.907280
108.992880
108.719440
108.649200
108.471120
108.430880
108.567360
108.724720
108.879840
108.839520
108.795040
108.870880
108.913200
108.944800
108.814400
108.984320
108.842560
108.974240
108.835920
108.992320
108.706000
108.888880
108.830480
109.105920
108.847040
109.043600
108.976800
109.078960
108.960880
108.959680
108.890720
109.052720
108.692240
108.773600
108.440400
108.571440
108.506640
108.805440
108.820880
108.900000
108.767120
108.808800
108.630960
108.741360
108.672000
108.850960
108.683440
108.775440
108.780560
108.767120
108.884880
108.938320
108.841120
108.973360
108.967040
108.937840
109.034560
109.101600
109.034080
109.042320
109.013600
108.963760
108.930160
108.719680
108.529360
108.446560
108.432560
108.521280
108.658960
108.896400
108.900720
108.909600
108.845520
108.681920
108.851680
109.000560
109.015680
109.051760
108.983120
109.102240
108.871600
109.062880
108.953520
109.095920
108.922640
109.204800
109.179120
109.514160
109.352880
109.379760
109.166720
109.292080
109.122880
108.918400
108.667360
108.893280
108.791040
109.156960
109.013840
109.291520
109.306880
109.446320
109.434240
109.768800
109.706560
109.989040
109.978800
110.086800
110.246080
110.264160
110.251120
110.234960
110.251840
110.206800
109.967680
110.009920
109.888800
109.882720
109.881360
110.114880
110.194960
110.089200
110.147200
110.253200
110.217360
110.173360
110.163680
110.186080
110.242000
110.266800
110.240160
110.227680
110.234400
110.118240
110.142880
110.103440
109.882960
109.910880
109.619280
109.751440
109.626960
109.879840
109.780800
109.899040
109.974880
110.067440
109.890320
110.016880
109.804960
109.885440
109.576720
109.638880
109.377520
109.542800
109.431680
109.513760
109.305520
109.699200
109.619120
109.793680
109.897440
110.055920
109.842800
110.034560
110.045360
110.218800
110.250560
110.396080
110.437200
110.338560
110.327680
110.457600
110.361120
110.298880
109.955280
109.965520
109.880320
109.817040
109.871680
109.960560
110.130960
110.289680
110.177920
110.192880
110.265120
110.324800
110.168720
110.186240
110.295360
110.325600
110.342640
110.272400
110.451520
110.491760
110.410240
110.418320
110.195440
110.436080
110.155520
110.077360
109.896640
110.027760
109.973360
110.207440
110.114560
110.322400
110.285360
110.329040
110.213920
110.272960
110.198880
110.435920
110.344640
110.245680
110.229600
110.279120
109.880240
109.945200
109.603840
109.803840
109.698560
109.787040
109.711120
109.915200
109.775920
110.045120
110.047200
110.126560
110.039360
110.113600
110.193120
110.052800
110.171440
110.135520
110.067360
109.973280
110.017760
110.092560
110.147520
110.130720
110.116320
110.094240
110.132480
110.204400
110.292720
110.285600
110.308080
110.162960
109.832720
109.813920
109.748640
109.874880
109.914720
110.235200
110.006400
110.080720
110.289280
110.334800
110.178560
110.429920
110.417760
110.586160
110.506720
110.601200
110.272080
110.254000
110.173120
110.391520
110.172400
110.033520
109.812400
110.073360
109.902880
110.130000
110.058160
110.241200
110.152400
110.221040
110.099200
110.298320
110.144880
110.370480
110.307360
110.549840
110.438800
110.573120
110.278080
110.357600
110.416160
110.057120
109.754240
109.560560
109.658720
109.679280
109.722000
109.879440
110.180320
110.199280
110.240640
110.330800
110.369200
110.284240
110.148000
110.301360
110.285040
110.324480
110.382720
110.351520
110.350000
110.443200
110.139360
110.111760
109.818160
109.622080
109.542480
109.874320
109.908160
110.193760
110.138800
110.346320
110.328960
110.486640
110.465920
110.482080
110.254960
110.356000
110.244800
110.385040
110.076720
110.188720
109.826720
109.696240
109.548640
109.631600
109.549440
109.843680
109.942000
110.218320
110.243120
110.319920
109.980240
110.145440
110.089040
110.175280
110.071840
110.232800
110.225120
110.246160
110.189520
110.217680
110.061920
109.873760
109.470080
109.382000
109.316800
109.443360
109.507840
109.616160
109.623200
109.672960
109.866080
109.928240
109.727920
109.570640
109.445840
109.424160
109.563440
109.462960
109.558400
109.493600
109.544400
109.597040
109.395200
109.244240
109.023920
109.012560
109.014080
109.286960
109.231520
109.533040
109.499040
109.619440
109.587040
109.737200
109.543120
109.659440
109.530000
109.741120
109.536240
109.626640
109.551040
109.749440
109.590560
109.726960
109.780400
109.965120
109.657520
109.846240
109.569840
109.495600
109.186720
109.365600
109.240320
109.399120
109.288560
109.544960
109.394560
109.637040
109.555280
109.584480
109.565040
109.510320
109.562960
109.559600
109.744480
109.850880
109.862480
109.880800
109.717920
109.723360
109.608960
109.381200
109.168480
109.118560
109.155920
109.284000
109.259920
109.534320
109.562800
109.469600
109.441920
109.593440
109.393840
109.423600
109.586640
109.640960
109.520400
109.666560
109.646720
109.748000
109.694880
109.827040
109.524160
109.540160
109.496160
109.487920
109.220080
109.315520
109.170400
109.291920
109.326400
109.527680
109.331600
109.410400
109.241600
109.584240
109.398160
109.559360
109.440160
109.694640
109.590800
109.651200
109.509440
109.624560
109.536640
109.563120
109.352560
109.164560
109.097840
108.975520
109.051680
109.172000
109.328880
109.216320
109.408800
109.466880
109.698560
109.618640
109.374480
109.402080
109.459200
109.483760
109.488480
109.594240
109.628960
109.747440
109.766560
109.724240
109.735200
109.514880
109.402080
109.154240
109.108880
109.171280
109.073840
109.213440
109.424720
109.721200
110.023040
110.096240
109.950400
110.024880
109.982080
110.039840
109.827440
110.004240
109.878640
110.142160
110.027040
110.040480
109.919200
110.093280
109.655120
109.664160
109.156080
109.318720
109.140400
109.328080
109.323680
109.378320
109.280080
109.325600
109.197680
109.209760
109.008080
108.928960
108.527840
108.382800
108.221360
108.155280
108.090960
108.214400
108.396960
108.412640
108.663200
108.750320
108.798480
108.720880
108.635360
108.594240
108.726960
108.739760
108.823520
108.913760
108.876080
108.675920
108.632400
108.678480
108.337520
108.213200
108.136960
108.169920
108.162000
108.288160
108.339200
108.429360
108.584880
108.725920
108.535520
108.604000
108.470080
108.559520
108.324880
108.573840
108.635920
108.673120
108.389760
108.565680
108.471600
108.435920
108.206720
108.152160
108.108480
108.309600
108.306320
108.534160
108.411280
108.668080
108.586080
108.827760
108.612480
108.859200
108.584080
108.793920
108.752560
108.972320
108.680560
108.586960
108.688160
108.815520
108.658880
108.351120
108.338560
108.368080
108.225200
108.426640
108.656880
108.564720
108.596960
108.667120
108.861280
108.910000
108.774400
108.678480
108.495680
108.476000
108.396720
108.261520
108.184320
108.261280
108.092480
108.252000
108.406960
108.446480
108.488960
108.563760
108.433200
108.624800
108.461040
108.711600
108.591760
108.833040
108.703120
108.861920
108.647600
108.735520
108.390640
108.357120
108.293040
108.248400
108.226320
108.358240
108.348560
108.551760
108.300400
108.612880
108.676320
108.684080
108.490000
108.736400
108.606720
108.527120
108.389840
108.221760
108.082160
108.258480
108.153840
108.057520
108.152160
108.345520
108.468240
108.402560
108.263280
108.447040
108.493840
108.551440
108.648800
108.702160
108.643440
108.840800
108.723120
108.518000
108.657680
108.528640
108.391520
108.276800
108.144000
108.191440
108.220480
108.311840
108.433440
108.331680
108.522000
108.518240
108.637840
108.746880
108.783840
108.822880
108.628160
108.777280
108.667120
108.731360
108.636320
108.946080
108.866000
108.977120
108.788160
108.920880
108.966720
108.955120
108.639120
108.442480
108.389520
108.512000
108.455280
108.656240
108.692400
108.906800
108.827040
108.952240
108.772480
108.780000
108.645600
108.829520
108.776320
108.883440
108.778960
108.885040
108.991760
108.893200
108.921920
108.913120
108.738560
108.793600
108.768080
108.572640
108.613120
108.439040
108.358000
108.405040
108.584640
108.731520
108.736400
108.640320
108.796640
108.768080
108.676400
108.707600
108.625920
108.857760
108.924320
108.932560
109.000080
109.019760
108.818720
108.776640
108.604640
108.817440
108.463280
108.596160
108.474240
108.620320
108.454720
108.767440
108.873440
108.907040
108.823680
108.909200
108.754080
108.831840
108.714320
108.793680
108.680000
108.884800
108.747760
108.927280
108.772160
108.974400
108.888560
108.903840
108.706000
108.870560
108.686320
108.655280
108.522400
108.543760
108.492640
108.600080
108.833120
108.753920
108.611120
108.597840
108.647840
108.551600
108.788640
108.768160
108.837760
108.710880
108.977760
108.960640
108.734720
108.662000
108.448800
108.565040
108.390640
108.369680
108.224640
108.381920
108.559840
108.627680
108.677360
108.734800
108.677120
108.805920
108.660800
108.740640
108.723920
108.883760
108.839520
108.975440
108.885360
108.998880
108.818080
108.809360
108.622240
108.666160
108.352400
108.462720
108.149520
108.565040
108.680240
108.844080
108.625040
108.838960
108.930240
108.899680
108.736160
108.857360
108.722320
108.823200
108.617680
108.895840
108.883200
109.012400
108.937600
108.987680
108.821520
108.652160
108.628640
108.727360
108.670400
108.692320
108.563440
108.513200
108.387600
108.580960
108.863600
108.747120
108.786000
108.757040
108.842560
108.912960
108.815680
108.778480
108.728720
108.656160
108.584800
108.668800
108.560160
108.400080
108.323520
108.244720
108.375360
108.478720
108.662000
108.688160
108.561440
108.954400
108.827600
109.018160
108.773280
108.656640
108.573920
108.805280
108.533760
108.426720
108.116800
108.340560
108.137920
108.586320
108.517680
108.661840
108.418800
108.402400
108.558720
108.791200
108.675360
108.903360
108.874320
108.900400
108.720880
108.653040
108.459440
108.377680
108.208560
108.235120
108.076320
108.290720
108.366560
108.620000
108.526800
108.564400
108.548240
108.782400
108.727920
108.755760
108.773920
108.858240
108.640080
108.865760
108.735360
108.660640
108.607200
108.700800
108.716080
108.733600
108.538240
108.444000
108.389120
108.354240
108.327440
108.558800
108.656000
108.664880
108.665280
108.709440
108.857280
108.961200
108.662800
108.815920
108.682080
108.970080
108.620960
108.756320
108.707760
108.762880
108.567040
108.699360
108.221040
108.494480
108.329120
108.552720
108.531040
108.691760
108.574400
108.688880
108.499040
108.759120
108.657600
108.859680
108.752560
108.819680
108.742960
108.943280
108.659520
108.727520
108.502000
108.618960
108.498320
108.186720
108.245840
108.328800
108.388080
108.586080
108.621760
108.734480
108.904400
108.931120
108.858560
108.787120
108.741280
108.734000
108.829760
108.744400
108.905920
108.945360
108.924400
108.869920
108.844560
108.788480
108.789520
108.600960
108.533440
108.433040
108.459280
108.677360
108.834240
109.158400
108.960560
109.214880
109.215280
109.315120
109.371520
109.539360
109.567840
109.703920
109.470560
109.671840
109.679920
109.858400
109.838240
109.989440
109.888560
109.958320
109.786800
109.954480
109.802160
109.954080
109.707680
109.836480
109.812240
110.246480
110.226640
110.371440
110.364720
110.588160
110.555120
110.539760
110.634880
110.634400
110.715680
110.606240
110.472560
110.403600
110.394000
110.323040
110.281840
110.232880
110.159920
110.159440
110.350880
110.318640
110.488400
110.408560
110.436960
110.439440
110.583040
110.622720
110.572960
110.625680
110.599360
110.569280
110.810880
110.808000
110.735520
110.617600
110.581520
110.620960
110.419280
110.607200
110.244000
110.259040
110.100480
110.533840
110.618640
110.771680
110.706720
110.764640
110.556160
110.694880
110.747280
110.781200
110.559520
110.886720
110.822000
110.847600
110.526320
110.701200
110.425680
110.571920
110.442320
110.352240
110.136880
110.393680
110.556160
110.758560
110.621120
110.519760
110.709200
110.741600
110.532560
110.616320
110.469440
110.374160
110.170000
109.986960
110.105120
110.018400
109.976320
110.176880
110.237040
110.352320
110.458400
110.406720
110.384080
110.415200
110.360160
110.336480
110.343520
110.303600
110.269040
110.543920
110.503200
110.366480
110.302960
110.359200
110.373600
110.510560
110.152160
110.171520
109.978640
109.873200
110.057840
110.252160
110.138400
110.165600
110.185760
110.489840
110.402640
110.513440
110.384320
110.364720
110.218880
110.033760
109.731840
109.645520
109.420480
109.415440
109.233280
109.318320
109.319200
109.624320
109.405360
109.420000
109.231120
109.496720
109.436320
109.368080
109.421120
109.343840
109.292640
109.189760
109.180240
109.180320
109.032320
108.814160
108.628720
108.474240
108.370480
108.555760
108.764560
108.795280
108.797520
108.725600
108.699840
108.886000
108.768960
109.009920
109.128080
109.147680
109.016080
108.965200
109.082000
109.045680
109.112720
109.208480
109.122400
109.227200
109.027680
109.232640
109.183200
109.297440
109.009680
108.912800
108.595680
108.776640
108.657920
108.910240
109.063680
109.326240
109.051840
109.186800
109.165840
109.075440
109.108960
109.206960
108.967280
109.267120
109.165120
109.354320
109.316240
109.193680
108.992480
109.195520
109.062640
109.176000
108.916160
108.766880
108.767440
108.751440
108.839680
109.020800
109.106400
109.156400
109.169040
109.099440
109.178880
109.267520
109.253920
109.107520
109.109120
109.160800
109.231600
109.340480
109.260320
109.316960
109.308720
109.247840
109.239200
109.219600
109.311600
109.146000
109.002240
108.849760
108.693440
108.783280
109.077200
109.350880
109.145600
109.330720
109.194560
109.443280
109.447840
109.481600
109.195600
109.219760
109.011920
109.000480
108.932960
108.875120
108.586480
108.768800
108.661280
109.067520
109.100720
109.200560
108.999840
109.169920
108.980400
109.235600
109.200880
109.262000
109.282240
109.433920
109.249600
109.447600
109.324240
109.246160
109.200000
109.191280
109.068880
108.945760
108.808800
108.812720
108.781680
109.138240
109.159040
109.213520
109.094160
109.118320
109.312880
109.302320
109.222000
109.112480
109.231280
109.390400
109.380240
109.348960
109.409680
109.453680
109.370480
109.596000
109.486240
109.229280
109.269120
109.254480
109.287600
109.504320
109.595520
109.949360
109.934240
110.248400
110.139600
110.279680
110.160480
110.248480
110.148800
110.346400
110.219520
110.374480
110.358880
110.546640
110.518960
110.524320
110.359840
110.722800
110.689680
110.640080
110.704240
110.984880
110.854400
110.868400
110.799840
110.877360
110.648000
110.797760
110.683600
110.745840
110.952800
111.109920
111.138960
111.087920
110.926720
111.043200
110.925440
111.006880
110.999440
110.970640
110.834960
110.927760
111.017040
111.112240
111.006960
111.080560
111.007440
110.777680
110.701360
110.706160
110.585520
110.473680
110.698160
110.930480
111.015920
111.042400
110.959440
111.032560
110.900720
111.230320
111.196880
111.188400
111.044480
111.208320
110.914400
111.045120
110.902640
110.964560
110.972240
111.104880
110.823520
110.770880
110.441120
110.478800
110.367040
110.766400
110.753760
110.865840
110.823440
110.918240
110.871760
111.045920
110.969280
111.019840
110.793760
110.963600
110.860400
110.901040
110.610160
110.705600
110.622320
110.532880
110.278160
110.315600
110.479600
110.286000
110.018800
109.872000
109.850160
109.728640
109.710560
109.894160
110.144160
110.070800
110.063280
110.074000
110.217680
110.198240
110.216240
110.207360
110.191520
110.209760
110.147840
110.274400
110.195200
110.217280
110.068080
110.107280
109.872640
110.053200
109.928000
110.107120
109.793840
109.986560
109.947440
110.283360
110.086800
110.446720
110.086880
110.356000
110.264720
110.428160
110.327760
110.415280
110.262800
110.466880
110.390240
110.319760
110.186080
110.415600
110.264880
110.397200
110.210640
110.311440
110.167360
110.399680
110.615760
110.885200
110.862160
110.964560
110.969200
110.833680
110.780320
110.896560
110.763360
110.968640
110.805520
110.840400
110.929680
110.811600
110.772800
110.942480
110.928240
110.673360
110.397040
110.264960
110.427280
110.375200
110.507600
110.774320
110.827600
110.662080
110.772400
110.740560
110.728400
110.932880
110.791920
110.783120
110.739440
110.879680
110.822800
110.966480
110.873200
111.044160
110.792800
110.729520
110.838000
110.948560
110.637760
110.581600
110.468320
110.478960
110.221760
110.507200
110.636960
110.655280
110.456960
110.447760
110.283040
110.481520
110.474000
110.518960
110.435200
110.616320
110.490480
110.565680
110.580080
110.674960
110.360240
110.476640
110.590160
110.565840
110.577680
110.728480
110.745680
110.635360
110.677280
110.772720
110.721760
110.623760
110.441840
110.446720
110.517440
110.535520
110.637920
110.805920
110.878960
110.749520
110.756880
110.758720
110.764480
110.703680
110.675440
110.659440
110.711920
110.753840
110.532560
110.480560
110.310880
110.423840
110.304560
110.668720
110.695280
110.724400
110.794240
110.731920
110.632240
110.863760
110.843920
111.092320
110.856960
110.955440
110.736400
110.786240
110.622000
110.604880
110.486240
110.535840
110.453280
110.571440
110.704560
110.886800
110.964080
110.968720
110.785600
111.000400
110.987440
111.170960
111.140960
111.274160
111.204160
111.201840
111.102480
111.388720
111.308240
111.370000
111.345520
111.185760
111.080400
111.155840
111.105200
111.166960
111.030160
110.862880
110.811600
110.763760
110.922480
111.072560
111.161600
111.497520
111.191680
111.269040
111.235280
111.331680
111.231520
111.279440
110.896080
110.592800
110.460560
110.313040
110.371200
110.527280
110.326720
110.399200
110.214480
110.507840
110.608720
110.719600
110.606560
110.679760
110.666400
110.660320
110.667920
110.869280
110.614800
110.780960
110.598400
110.827680
110.734080
110.807600
110.674480
110.680400
110.657760
110.659920
110.558640
110.445040
110.315440
110.323120
110.080560
110.313680
110.549520
110.780640
110.557600
110.740640
110.610160
110.830320
110.926640
110.816480
110.448880
110.103680
110.125760
110.005360
109.965440
109.799360
109.582720
109.651040
109.668320
109.430640
109.228400
109.071760
109.047360
108.994560
109.072240
109.165440
109.357760
109.306240
109.361120
109.437040
109.264240
109.575520
109.566720
109.665840
109.527680
109.708640
109.605200
109.675520
109.679520
109.775600
109.643120
109.824560
109.646000
109.767600
109.498320
109.775520
109.781840
109.816000
109.713040
109.799120
109.602560
109.794720
109.507440
109.911840
110.090080
110.305760
110.113200
110.175440
109.864720
110.061840
109.887280
109.870640
109.766720
109.774720
109.560080
109.580640
109.787920
109.896640
110.052880
110.176160
110.358320
110.475200
110.432000
110.465920
110.648560
110.719120
110.918560
111.031680
110.971680
110.987600
110.985280
110.903360
110.828320
110.642800
110.475520
110.721200
110.597760
110.532880
110.135680
110.076800
109.890800
110.105280
110.081840
110.251280
109.970400
110.060000
109.879760
110.002080
109.901280
110.095440
109.910560
109.996400
109.843360
109.819840
109.764480
109.797680
109.781280
109.848160
109.585280
109.579600
109.220960
109.242720
109.093840
109.011680
108.828560
109.105760
109.066800
109.431040
109.386480
109.394000
109.101120
109.179040
109.109520
109.247200
109.421040
109.354160
109.327680
109.310320
109.040240
108.943360
108.944480
108.673840
108.444480
108.356000
108.055040
107.779760
107.472400
106.888960
106.310240
106.110640
105.784800
105.266720
103.891680
104.687120
104.560000
104.770560
104.514560
105.775280
106.323440
106.322400
106.967920
107.039840
106.871440
107.172320
107.413840
107.619920
107.373120
107.280880
106.978160
106.875920
106.665200
106.739040
106.385760
106.424880
106.261040
106.538240
106.976160
107.249600
107.380640
107.512880
107.309920
107.423680
107.313760
107.359120
107.007680
107.090480
107.155360
106.876960
106.672000
106.612960
106.327840
106.025520
106.259600
106.108560
105.933200
105.912560
105.850000
105.331760
105.415040
105.473280
105.197840
104.437600
104.553040
104.627600
104.246880
103.769120
102.534160
102.894480
101.682240
102.725680
102.602800
100.940480
100.834560
100.185920
98.256320
99.144240
99.064720
97.217120
98.916080
98.594880
97.147680
98.562400
98.625120
97.260720
98.411840
97.896080
98.215040
98.297120
98.512080
98.866720
99.158160
99.190480
99.154240
99.432560
99.485520
100.308960
100.665120
101.006400
101.371520
101.468960
101.621440
101.667840
101.611680
101.958560
102.199600
102.520480
102.562080
102.727840
102.613120
102.947920
102.828320
102.828640
103.194880
103.312560
103.407840
103.580320
103.527280
103.529120
103.755280
103.836160
103.936080
103.680000
103.689360
103.690400
103.720400
103.997840
103.770320
104.052240
104.023280
104.204000
104.087840
104.088880
104.093040
103.995920
104.247120
104.302960
104.333840
104.258800
104.203920
104.408640
104.823840
105.314240
105.437440
105.618960
105.528720
105.491040
105.443040
105.591520
105.630240
105.686160
105.676720
105.374240
105.192000
105.269280
105.335680
105.461600
105.276800
105.264480
105.085040
105.325600
105.480000
105.358240
105.731520
106.006560
105.776240
106.025280
105.841520
106.177440
106.148320
106.411920
106.450400
106.583040
106.814320
106.758960
106.813440
106.650480
106.805040
106.682080
106.807920
106.683520
106.854720
106.934160
107.363440
107.536160
108.150880
108.442320
108.594240
108.834160
109.107360
109.312240
109.652880
110.373600
111.025840
111.395920
111.654160
112.012560
112.623680
112.953760
113.420640
114.130800
114.162320
114.431040
115.665120
118.368560
121.397840
124.659440
126.657200
126.850480
126.381520
124.195440
121.126320
118.632880
116.192480
115.292960
114.419360
114.024640
113.325120
113.055840
112.751440
111.712640
110.899040
109.997840
109.099760
108.364560
107.654720
107.209440
106.564560
105.961440
105.327520
104.887040
104.181280
103.591760
103.199360
102.613760
102.318800
101.763040
101.365360
100.719520
100.579760
100.349120
99.809840
100.835440
100.770080
102.143440
102.521760
103.181360
104.066800
104.742000
105.089280
105.220400
105.919200
105.419600
105.709040
105.649360
105.764000
105.947200
