94.858083
94.660088
94.371241
94.535714
94.682018
94.729637
94.769424
94.783991
94.586779
94.583020
94.902256
94.927005
94.547619
94.299029
94.355420
94.008929
94.062500
94.311560
94.528195
94.322368
94.472901
94.615915
94.424812
94.442669
94.621084
94.373590
94.086623
93.750783
93.993578
93.918546
93.982143
94.476347
94.463972
94.595238
94.791823
94.719142
94.837876
94.523340
94.846178
94.617638
94.517387
94.881266
94.965382
94.602914
94.368578
94.214442
94.333803
94.216322
94.708960
94.734962
94.837719
94.942356
95.201754
94.915570
94.966165
94.810150
94.692199
94.691416
95.052318
94.838189
94.563283
94.729950
94.747494
94.535871
94.711936
94.522086
94.617794
94.746241
94.699875
94.784618
94.789004
94.616855
94.609806
94.748434
94.797619
94.895833
94.855263
94.702068
94.361059
94.322995
94.292920
94.425125
94.404605
94.335213
94.296679
94.251880
94.357456
94.518954
94.482613
94.280545
94.145833
94.004229
94.303415
94.242481
94.317982
94.261278
94.444862
94.492794
94.597118
94.256109
94.483553
94.607926
94.449405
94.132832
94.278979
94.121867
94.398496
94.379073
94.608083
94.430608
94.683897
94.688910
95.002976
94.833803
94.897400
94.630952
94.680921
94.673716
94.889254
94.739975
94.703164
94.378603
94.464442
94.286811
94.372024
94.436560
94.449091
94.597901
94.672462
94.880796
94.655858
94.940946
94.739505
94.680294
94.693296
94.833333
94.669799
94.554511
94.532895
94.534305
94.319079
94.420113
94.446115
94.692826
94.704731
94.721648
94.683897
94.349781
94.734336
94.850407
94.480576
94.136122
93.996397
93.734492
94.108866
94.533521
94.709586
94.856673
94.844142
94.693296
94.962406
95.231516
94.996397
94.622650
94.634242
94.394267
94.457080
94.024749
94.367951
94.315006
94.648496
94.552632
94.768327
94.537281
94.711779
94.688910
94.803258
94.528822
94.443296
93.895363
93.877036
94.175752
94.279292
94.320019
94.346178
94.545269
94.890194
94.567356
94.393954
94.044486
93.886435
94.027569
93.943609
94.038534
93.954261
94.058114
94.432644
94.355107
94.426378
94.639724
94.383929
94.417763
94.603540
94.865758
94.895207
94.882206
94.762061
94.895207
95.038377
94.806391
94.820332
94.626880
94.562500
94.080670
94.559680
94.469298
94.619674
94.887375
94.893954
94.406485
94.778665
94.588972
94.417920
94.058271
94.368734
94.101504
94.235276
94.310464
94.626566
94.632989
94.775063
94.872807
94.781172
94.733709
94.774906
94.739662
94.933427
94.530388
94.714912
94.462876
94.312343
94.403352
94.297619
94.430921
94.438440
94.491541
94.828008
94.595395
94.780232
94.849467
94.945175
94.859806
94.909148
94.752663
94.697525
94.519580
94.159774
94.269267
94.321272
94.327694
94.472274
94.638941
94.756892
94.964599
94.657895
94.646617
94.613722
94.562970
94.438127
94.362939
94.369204
94.176692
94.460683
94.476504
94.584430
94.333177
94.651942
94.671053
94.491385
94.635652
94.964129
94.741855
94.905545
94.914787
95.101190
94.905702
94.589912
94.266761
94.406642
94.361685
94.763784
94.720081
94.989192
94.904605
95.039317
95.037437
95.194549
95.016604
95.162437
94.997337
95.217575
95.150846
95.251096
95.124060
95.158521
95.224624
94.985746
94.558584
94.756736
94.712093
94.734649
94.526786
94.827224
94.851660
95.236842
95.283051
95.407425
95.277099
95.014098
94.885338
95.039944
95.054981
95.324561
94.726660
94.622337
94.758772
94.737155
94.544330
94.735276
94.712563
94.786184
94.966009
94.959743
94.981986
95.212406
95.209273
95.260025
95.184680
95.082550
95.210370
95.351190
95.152099
94.943296
94.481830
94.739662
94.283208
94.612625
94.706767
95.037437
95.156955
95.234179
95.005326
94.858396
94.866385
94.922932
94.997024
95.249530
95.118578
95.266447
95.078947
95.351190
95.052475
95.328477
95.419173
95.136905
94.744048
94.703164
94.714756
94.669956
94.991698
94.959430
95.060777
95.073465
95.206297
95.331140
95.083647
94.883459
94.751566
95.130169
94.996397
94.908521
94.861372
94.744987
94.607613
94.694549
94.823465
94.870927
94.907895
95.118421
95.190633
95.034305
94.791823
95.149906
94.890664
95.073622
95.004699
94.892701
94.507049
94.687970
94.585056
94.920739
94.843672
94.859179
94.804981
95.126410
94.915414
94.906172
94.793546
94.959117
94.883929
95.071429
94.756736
94.903979
94.904762
94.844612
94.348684
94.488722
94.331297
94.540414
94.553102
94.467888
94.790727
95.010182
94.632049
94.689536
94.692356
94.395677
94.111685
94.169486
94.242481
94.241541
94.378133
94.637845
94.618734
94.607926
94.825031
94.795896
95.131892
95.025063
95.122180
95.172149
95.047932
94.608239
95.029135
94.851660
94.457393
94.611685
94.406798
94.507519
94.565476
94.747180
94.387688
94.747650
94.584117
94.727130
94.798559
94.855576
94.817356
95.084900
94.852914
95.000627
95.050909
95.019267
94.800595
94.716635
94.633929
94.752820
94.887845
95.101190
95.096491
95.296679
95.178258
95.157738
95.264098
95.273966
95.115915
95.331610
95.144893
95.351817
95.250313
96.109962
96.069236
95.973214
96.213346
96.150219
95.934524
95.966792
96.212249
96.046366
95.838346
96.008459
95.947525
95.914474
96.094142
95.687500
95.287594
95.280075
95.393014
95.383302
94.959273
94.909618
94.945489
94.775063
94.619361
94.933897
94.703477
94.247024
94.202694
94.478227
94.507989
94.493734
94.400533
94.376253
94.291353
94.485902
94.539787
94.666510
94.605107
94.338816
94.274279
94.439223
94.333647
94.466635
94.226347
94.552945
94.414630
94.656798
94.533365
94.731203
94.686090
94.716479
94.681078
94.873277
94.645050
95.001723
94.710683
94.986059
94.870301
94.768327
94.377663
94.150533
94.033991
94.140821
94.357143
94.288377
94.338189
94.585996
94.695019
94.674969
94.696585
94.662281
94.622024
94.574561
94.631422
94.379229
94.170583
94.139254
94.266604
94.406642
94.599937
94.574561
94.745457
94.775376
94.799342
94.617011
94.696742
94.881892
94.988565
95.184054
95.088189
94.933427
94.898183
94.891134
94.630482
94.692043
94.301535
94.557957
94.184367
94.681234
94.851347
95.044486
95.051065
94.931704
94.771303
95.094925
95.210526
94.869048
94.484023
94.627976
94.375157
95.012375
95.094298
95.131422
94.683271
94.713972
94.357769
94.400533
94.251253
94.427788
94.359336
94.596021
94.610589
94.684680
94.795269
94.802945
94.199718
94.270677
94.202224
94.421523
94.077851
93.949248
93.817669
93.697055
93.877976
94.279919
94.083020
94.137061
93.853383
94.000313
94.013941
94.022086
93.814850
93.909461
93.884085
93.788847
93.766447
93.656642
93.321742
93.209586
92.738878
92.786184
92.842105
92.986529
92.963972
93.054825
92.698622
92.390194
91.700501
90.886278
89.604480
88.164317
86.609492
85.763158
84.473058
83.725877
82.525376
80.869361
80.346491
79.354637
78.418076
77.458960
76.831140
76.614818
76.539004
77.004543
76.940476
77.150533
77.157738
77.584273
76.469925
75.462406
75.294643
75.207393
75.619831
75.260338
75.386905
75.108553
74.908051
74.410871
73.620301
73.299185
70.659461
72.132989
70.590852
70.062030
69.413847
68.562500
68.611685
68.994518
69.492325
70.493421
71.280545
69.537594
73.162124
76.573622
80.338189
86.049969
91.961623
97.635182
102.309524
105.607613
107.945175
109.451598
109.687657
110.585213
111.197682
110.370144
109.747024
108.751723
107.874530
106.754386
105.614192
105.328947
104.832080
103.909618
103.696585
103.191886
102.632675
102.347118
102.356516
102.416980
102.935777
103.038534
102.982613
103.380796
103.121397
102.922932
102.823465
102.768797
102.218202
101.785714
101.462876
100.941729
100.648496
99.999843
100.279762
99.303571
100.808897
98.369674
97.765508
96.741228
96.476660
96.013158
95.266917
94.137531
93.074248
92.556548
91.863722
91.133145
90.326598
89.065789
88.613409
88.158051
87.116385
86.963659
86.838503
86.220551
85.346648
85.022086
84.380639
84.118264
81.486372
83.953947
84.921209
85.632519
85.316886
83.336779
85.202224
85.092262
84.802318
85.260652
86.349154
86.583333
86.486842
86.909461
86.526003
87.217262
87.716479
88.827851
89.239505
89.729323
90.614348
91.480576
92.557801
93.599154
94.664787
95.656485
96.660088
98.239818
99.447682
101.033991
101.319549
100.683741
100.435464
100.902412
102.409148
104.127193
104.561247
104.503603
103.898026
102.347431
101.366071
101.100564
100.247807
99.596021
99.010182
99.134085
98.984806
98.804198
98.618108
98.567199
98.306391
97.834586
97.798402
97.635338
97.409305
97.526629
97.721335
97.616698
97.197055
96.847431
96.692043
96.750627
96.296836
96.485276
96.512688
96.355420
96.179355
96.550909
96.365602
96.323622
95.869048
95.880952
95.627350
95.285088
95.300125
95.152412
94.798559
95.379543
95.710370
95.478383
95.631892
95.667763
95.247337
95.494361
95.227444
95.153039
95.046209
94.905858
94.935620
94.723528
94.560464
94.775063
94.422776
93.993578
94.127820
94.191103
93.911967
94.155702
94.376410
94.435307
94.370771
94.665414
94.613565
94.588033
94.839286
94.700031
94.672619
94.500470
94.112939
94.126410
94.062343
94.251880
94.416510
94.119674
94.430921
94.801222
94.744361
94.630952
94.754856
94.962406
94.870614
94.732143
94.711623
94.931704
94.577381
94.681548
94.637531
94.922619
94.710526
94.807331
93.769893
94.291197
94.357769
94.787124
95.042607
94.873277
94.549499
94.292293
94.304198
94.506422
94.467888
94.598528
94.421523
94.639568
94.698152
94.818296
94.582707
94.714286
94.457550
94.277569
94.058114
93.937657
93.744831
93.675595
93.972744
93.774906
94.021773
94.130482
94.245771
94.220551
94.189223
94.105576
93.938440
93.996554
93.946115
93.840852
93.645363
93.614818
93.358709
93.195019
93.320019
93.184994
93.349311
92.962249
92.858709
92.817669
92.775689
92.663847
92.543860
92.306391
92.434054
92.402569
91.826441
92.035871
91.823465
91.783678
91.249687
91.174342
90.553415
90.393954
90.531955
90.555294
90.341009
89.903509
89.301065
88.946272
88.782112
88.235432
87.461779
87.584430
86.721021
86.816729
86.620927
86.690320
86.652882
86.291353
85.627193
86.228540
86.384712
85.971961
85.084900
84.948465
84.404605
84.681861
84.820802
84.722901
84.224781
84.829731
84.820175
84.345395
84.559367
84.330670
84.164004
83.332393
84.014098
84.504856
83.527099
84.343515
83.289944
83.138471
82.412907
79.780858
80.573308
80.542763
81.329104
82.270050
83.238409
83.888784
84.674655
86.065633
85.457393
85.541823
85.082550
85.574875
85.501096
86.353697
87.075345
87.943609
88.507519
88.827538
89.452224
89.476190
89.273496
89.719925
89.707863
90.075345
90.096805
90.559994
90.630326
90.998120
90.932331
91.007049
91.007206
90.816103
90.409931
90.443922
90.385025
90.109492
89.641447
90.018327
89.966949
89.943452
89.938753
90.028039
89.747964
89.588189
89.689223
89.681391
89.635025
89.566886
89.692356
89.841479
89.693139
89.874843
89.736059
89.766291
89.837876
89.640351
89.570175
89.354480
89.199405
89.167607
89.242325
89.415727
89.300282
89.341792
89.489192
89.408991
89.422149
89.453947
89.399123
89.590382
89.505639
89.243891
88.766134
88.890038
88.617168
88.678571
88.652726
88.798559
88.856986
89.177788
88.939536
89.327224
89.250157
89.315163
89.137375
89.381109
89.260182
89.218202
88.739192
88.496241
88.529762
88.703634
88.588033
88.866855
88.776629
88.925909
88.980420
89.346805
89.448308
89.312657
89.052005
89.179041
89.148966
88.999687
88.856986
88.871554
88.568922
88.492951
86.259868
86.899123
87.748434
87.929355
87.739505
87.538221
87.748590
87.581297
87.877036
88.804511
88.997337
88.963503
88.587719
88.367794
87.448308
87.178102
87.256422
87.484179
87.718202
87.763001
87.561560
87.890351
87.838503
87.772400
87.512061
87.575501
87.638941
87.714756
87.946585
87.906955
88.035871
88.077538
87.860746
87.772400
87.785558
87.874687
87.910871
88.062813
87.436717
87.178571
86.917607
87.256109
87.430921
87.415414
87.601660
87.854480
87.588346
87.854323
87.735119
87.710683
87.679355
87.525846
87.590226
87.864035
88.397870
88.537437
88.360432
88.086466
87.922932
87.825031
88.067199
87.831610
87.967575
87.955827
88.006109
87.948935
87.839442
87.748747
87.248747
87.463659
87.781172
87.968515
87.857299
88.088659
88.011278
88.012218
87.816416
87.768014
87.843515
87.604323
86.995614
87.149906
87.041197
87.306704
87.426535
87.832863
87.710996
87.736216
87.760495
88.033051
88.191729
87.793233
87.603853
87.533208
87.405545
87.348997
87.186717
87.033835
86.959743
87.163847
87.006422
87.372650
87.583020
87.914317
87.698465
87.793546
87.863565
87.897243
87.750470
87.559837
87.728697
87.617794
87.508615
87.603697
87.626723
87.871867
87.646617
87.551065
87.712249
87.615915
87.342732
87.263471
87.187813
87.259868
87.529605
87.488095
87.505796
87.565006
87.470865
87.324248
87.359336
87.368578
87.518327
87.531798
87.701128
87.709117
87.879699
87.846961
87.553885
87.722274
87.676692
87.411497
87.148810
87.171992
87.039474
87.142544
87.163221
87.328321
87.326598
87.613722
87.660714
88.028665
88.130482
88.058114
87.860119
87.755013
87.414787
87.308741
87.162907
87.152412
87.368264
87.514254
87.526786
87.598684
87.021460
86.764881
86.446429
84.769893
80.753446
78.374373
78.132206
77.120457
78.637845
79.538847
79.953477
79.785871
79.981830
79.654135
79.170113
80.261748
81.093985
81.686873
81.062500
79.871397
78.356203
77.664317
77.881892
77.731830
77.257519
78.879699
80.133302
81.486216
81.656955
81.790414
81.027882
81.808897
83.607769
84.327381
83.461779
81.593828
80.444862
81.167293
81.754073
82.501566
82.561247
83.636122
84.589599
84.956140
84.221335
84.067826
84.841322
85.472274
85.236059
84.680921
84.293860
84.080357
83.908678
83.792763
84.053571
85.321429
87.210056
88.309367
88.863095
89.054041
88.847744
88.751253
88.335370
88.278195
88.075031
87.744361
87.470708
87.166510
87.074091
87.186717
87.148183
87.604480
87.209900
87.351034
87.273496
87.119987
87.094298
87.172932
87.096805
86.885495
87.031485
87.205984
87.211936
87.553258
87.102914
87.130796
87.329417
87.257206
86.915570
86.793076
87.007675
87.090226
86.991698
86.790570
86.398653
86.400533
86.116855
86.528665
86.624060
87.096021
87.274593
87.476347
87.331610
87.470551
87.324248
87.048089
86.987155
87.445802
87.391604
87.468202
87.308114
87.593985
87.156798
87.369048
87.389098
87.794330
87.505796
87.673559
87.834743
87.744204
87.723528
87.915257
88.067826
88.012061
87.929511
88.092888
88.145520
87.587406
87.675439
87.652099
87.247964
86.399906
84.323152
84.195332
83.974624
84.624373
84.532738
83.291040
83.228227
83.554668
83.143640
83.533051
83.288064
82.987782
83.095395
82.602444
82.607769
82.754229
82.890821
83.261278
83.236216
83.350877
83.181078
83.105576
81.882675
79.981516
82.541040
84.920583
86.362469
86.636591
85.909931
85.892857
86.007049
85.956297
85.493891
85.678102
85.567669
85.636591
84.819862
84.542450
84.341479
84.504229
84.375470
84.677632
84.294956
84.565789
84.679668
84.973841
85.159931
84.769893
84.958333
85.199718
85.156955
85.411967
85.772243
85.956454
86.021617
86.276003
85.969768
85.838503
85.867325
85.688283
85.379073
84.971491
84.537751
84.377193
82.767231
84.490602
85.310934
86.436090
87.558271
88.097274
88.217105
87.963972
86.781485
88.229010
89.271303
89.927632
90.716792
89.759242
91.073778
89.870301
91.152569
91.036184
91.088972
89.730890
91.267387
91.796053
92.185307
