87.084231
86.204197
85.139960
85.271980
85.534175
85.439166
84.847703
85.455757
85.507516
85.076574
85.267016
86.086217
86.037153
85.795661
86.211146
86.355927
85.344867
85.611883
86.083522
86.019711
85.250567
85.297930
85.221781
84.585649
84.854084
85.287436
85.606778
85.564095
85.575440
85.757799
85.338202
85.432218
85.593590
85.270278
85.156410
84.847845
84.833948
84.786727
84.441010
84.399319
84.396058
83.849263
84.482275
84.527510
84.264180
84.132445
84.833948
85.393222
85.179949
85.048213
85.425553
85.466676
85.248866
85.273681
85.279070
84.784175
83.493193
82.674277
82.195264
83.156977
84.465258
86.033466
87.464407
88.751418
89.072745
89.005956
88.805871
88.497873
87.953772
87.773539
87.623936
87.725043
87.851815
87.786869
87.502127
87.566364
87.572604
87.237805
86.986245
78.987805
86.162082
90.281055
83.750993
79.686897
86.345718
88.686614
82.023398
80.944697
88.482984
88.367839
71.417754
73.613868
80.272405
75.070902
69.706183
75.686614
78.632303
71.525383
61.926687
64.635281
66.044526
61.198100
60.929807
65.362025
64.253403
60.238088
62.302042
65.833239
62.765315
60.690442
63.516733
64.633437
61.193420
60.894498
62.734402
62.119824
59.355218
60.043676
61.762762
60.177396
58.993335
60.417187
61.278361
60.343023
59.785451
61.488372
62.215825
61.271412
61.312252
63.012479
62.697816
61.839620
62.003971
62.957884
62.585933
61.968378
62.458168
63.024390
62.377056
61.710579
62.624787
63.045661
62.007941
62.222490
63.273539
63.355644
62.356069
63.032757
63.620959
63.143789
62.501276
62.860182
63.586358
62.680516
62.225043
63.009359
63.093165
62.242910
62.416478
63.372518
62.918605
62.396058
62.628191
62.988088
62.843732
62.569767
63.217527
63.364719
63.198100
63.306863
63.404282
63.351815
62.752694
63.147050
63.432785
62.915060
63.027368
63.043959
63.093732
63.035309
62.973483
63.213415
63.227028
62.980431
62.772263
62.791974
62.903432
62.785451
62.847703
62.803460
62.737947
62.764322
62.588202
62.766733
62.868548
62.949092
63.283324
63.510493
63.286302
63.221639
63.127340
63.014748
62.719654
62.911798
62.924702
62.604651
62.329126
62.609472
62.718236
62.521980
62.318633
62.484260
62.367272
62.249149
62.291974
62.593023
62.537720
62.695689
63.153432
63.172575
63.085933
63.121526
62.980006
63.088486
62.944413
63.619966
62.187039
62.711288
62.554453
62.641237
62.701361
62.679382
62.676404
62.844016
62.337777
62.297788
62.437323
62.731991
62.555303
63.122944
63.498157
62.894073
62.951645
63.100397
62.497164
62.503545
62.338627
62.353800
62.438599
62.253971
62.150028
62.123795
61.870391
62.331679
62.000000
62.225610
62.193988
62.657402
62.573313
62.828985
63.042399
62.838202
62.669314
62.965258
62.941010
63.103091
63.056438
63.062961
63.045094
63.246029
63.157969
63.166052
63.213982
63.083664
62.964265
62.891237
62.952638
62.952921
63.053885
62.786727
62.630459
62.728162
62.769853
62.767158
63.003545
63.155842
63.178247
63.566364
63.493619
63.266875
63.168605
63.187890
63.440442
63.310267
63.245888
63.453488
63.753687
63.522405
63.522121
63.580545
63.500709
63.562110
63.403006
63.538145
63.355644
63.333948
63.053318
63.214265
63.073029
63.262337
63.221072
63.659246
63.546512
63.984118
64.073171
64.259926
63.926829
63.918888
63.525099
63.674986
63.498157
63.530488
62.960437
63.391662
63.286018
63.238656
63.073171
63.130885
62.988514
63.005814
62.781197
63.069200
63.305303
63.285735
63.651588
63.647334
63.715258
63.678956
63.550199
63.462280
63.615003
63.583097
63.521412
63.560408
63.656977
63.674702
63.411373
63.309983
63.601531
63.230998
63.337777
63.139393
62.987805
63.109472
63.067073
63.152297
63.232275
63.641378
63.602666
63.856069
63.781197
63.788287
63.539421
63.601957
63.454765
63.726035
63.714833
63.803602
63.644782
63.424844
63.124078
63.262053
63.311117
63.244753
63.070618
63.016733
62.890811
63.050482
62.966109
63.461429
63.489507
63.646341
63.745746
63.788429
63.798922
63.642796
63.663925
63.780771
63.569909
63.700227
63.678531
63.652723
63.576574
63.497448
62.997873
63.108196
63.152864
63.124929
63.063244
63.132019
63.155984
63.270420
63.197249
63.396483
63.680942
63.833664
63.972065
64.067640
64.072178
63.812394
63.932501
63.848412
63.969087
63.906268
63.810267
64.017016
63.982842
64.004680
64.020136
63.936614
63.628474
63.702212
63.595292
63.716676
63.393222
63.284742
63.405275
63.511061
63.370533
63.682218
63.693704
64.100539
64.219654
64.240074
64.061968
64.265457
64.005672
64.031764
63.876631
63.945689
63.889109
64.134997
63.468378
63.702354
63.747164
63.659104
63.294952
63.305303
63.352808
63.390244
63.178247
63.414351
63.628900
63.695547
63.870108
64.010919
64.152155
63.889251
63.624504
63.876489
63.710011
63.581112
63.627623
63.671866
63.701220
63.814521
63.763188
63.561543
63.864719
63.876347
64.035451
64.085082
64.037436
63.881736
63.457175
63.743477
63.808565
63.550199
63.514748
63.265457
63.032615
63.100539
63.013188
63.599263
63.542541
63.876489
63.932501
63.725184
63.688174
63.493335
63.316790
63.293250
62.755956
62.866988
62.810408
62.759501
62.871668
62.763330
62.447107
62.477737
62.394498
62.823738
62.697107
63.140244
63.158395
63.394782
63.448809
63.349830
62.974901
63.117555
63.080119
62.993619
62.898894
62.700510
62.558849
62.395916
62.594725
62.696682
62.435054
62.149036
62.031339
62.201645
62.237521
62.453630
62.604935
62.735961
63.034175
63.234543
63.464265
63.303460
63.022972
62.884855
62.752127
62.859189
62.427396
62.474050
62.437748
62.266166
61.956750
62.232558
62.281764
62.680091
62.625922
63.076858
63.108480
63.419455
63.149745
63.066790
62.992626
63.298071
62.952638
63.032331
63.241775
63.238230
62.309416
62.651872
62.951787
62.686897
62.402864
62.449092
62.343165
62.262621
62.313528
62.578701
62.697107
63.039138
62.988088
63.390244
63.157686
63.052184
62.871526
63.233976
63.079552
63.291974
63.242484
63.029779
63.019144
62.746739
62.667754
62.556863
62.687606
62.856920
62.536302
62.412082
62.474334
62.441293
62.487379
62.780913
63.179665
63.322320
63.462706
63.565372
63.435479
63.201929
63.200085
63.312677
63.199801
63.131310
63.246739
63.208877
63.192995
62.851815
62.859614
62.984260
62.791265
62.794385
62.402864
62.428673
62.271271
62.461571
62.516449
62.914634
63.207459
63.423142
63.312677
63.414351
63.229297
63.235678
63.074589
62.925411
62.495179
62.695264
62.565372
62.518860
62.169030
62.476744
62.308707
62.449234
62.291123
62.569484
62.775950
62.782331
63.151730
63.396483
63.336926
62.822462
62.707884
62.714691
62.565513
62.538003
62.514889
62.495179
62.248440
62.308140
62.188599
62.341322
62.497448
62.652014
62.953772
63.121668
63.194271
63.225893
63.111458
63.034175
62.826007
62.924419
62.738798
62.520703
62.383721
62.562819
62.411373
62.354793
61.981140
62.096568
61.854368
62.165060
62.219654
62.517300
62.581963
62.926120
63.101248
63.208735
63.000425
63.111883
62.870391
63.085508
62.834373
62.911373
62.758650
62.552042
62.695547
62.648185
62.676971
62.487238
62.314237
62.476461
62.293108
62.573171
62.764180
62.879750
63.069058
63.327425
63.524390
63.587351
63.489223
63.533182
63.494044
63.401730
63.349830
63.448809
63.403573
63.338486
63.341889
63.254680
62.948667
63.153006
63.029212
63.083522
62.975184
62.858622
62.672150
62.874787
62.843165
63.198242
63.319484
63.663074
63.865854
63.838627
63.637975
63.621526
63.497306
63.463556
63.233125
63.134430
62.902581
63.167045
63.008934
63.032473
62.737663
62.649178
62.747448
62.836358
62.904282
63.297930
63.496029
63.819626
63.763046
63.897334
63.882587
63.864861
63.666336
63.603517
63.339336
63.516024
63.470930
63.346710
62.932785
63.151446
63.021554
63.132019
62.885281
62.873369
62.970930
62.799206
62.857204
63.283040
63.232558
63.623086
63.766591
63.842314
63.922575
63.756523
63.760919
63.824872
63.413783
63.217385
63.319342
63.091747
62.903148
62.890386
62.683778
62.794243
62.692002
62.868123
63.155559
63.534458
63.590187
63.771271
63.852382
63.625213
63.538429
63.540698
63.381310
63.317073
62.942995
63.133437
63.015457
63.040698
62.723625
62.598979
62.424419
62.657402
62.574589
62.891237
62.948242
63.133154
63.202496
63.594583
63.542399
63.851957
63.568917
63.423284
63.145632
63.025525
62.628474
62.959161
62.552042
63.297646
63.665485
64.184345
64.331963
64.060976
63.851106
63.600539
63.510352
63.315088
63.353659
63.430800
63.541265
63.394498
63.288287
63.230147
63.022405
62.808990
62.965825
62.793817
62.735394
62.675553
62.646058
62.511344
62.559416
62.952496
63.256239
63.537578
63.574305
63.850113
64.127482
63.662791
63.607771
63.495179
63.231707
63.370959
63.124220
63.205190
62.878049
63.256948
63.179665
63.020562
62.495462
62.832672
62.606495
62.699234
62.896909
63.229864
63.277794
63.855360
63.924419
64.100822
63.795377
63.974192
63.788145
63.739507
63.558281
63.636415
63.508792
63.566364
63.638400
63.500851
63.227595
63.310976
63.372944
62.785735
62.833806
62.832246
62.825298
62.774532
63.342456
63.658395
63.662507
64.210153
64.390953
64.482984
64.357204
64.361032
64.058849
63.803744
63.575865
63.709728
63.649319
63.441435
63.314095
63.167328
63.008083
62.931367
62.594583
62.207742
62.093874
62.404708
62.187039
62.401446
62.792116
63.359614
63.016449
63.288003
62.994470
63.133721
63.169881
63.189875
63.060976
62.936188
62.827992
62.855927
62.751985
63.138117
63.347986
63.734260
63.865712
64.101390
64.288571
64.339195
63.980289
64.106353
63.576007
63.379325
63.569058
63.463698
63.194129
63.153432
62.960295
62.931509
62.663783
62.861458
63.341463
63.297504
63.261344
63.695689
63.766449
63.690017
63.886132
63.922150
63.736245
63.372093
63.330261
63.273398
63.080261
63.169597
63.070193
62.786160
62.981991
62.692002
62.891237
63.090471
63.328134
63.480431
63.570902
63.675128
63.500567
63.252127
63.129467
63.150028
63.080686
62.819200
62.388400
62.382445
62.218520
62.233409
62.063244
62.142796
61.929949
62.066506
61.846852
62.270987
62.479013
62.803460
63.178389
63.417612
63.251702
63.302042
63.019144
62.642655
61.933352
62.056154
61.526375
61.624787
61.293959
61.399461
61.726886
62.338769
62.828843
62.807431
62.415627
61.225468
60.048213
58.787862
57.584515
57.312394
57.460153
58.093732
58.682076
59.372377
60.011061
60.507516
61.268860
61.894923
62.320618
62.715258
62.924560
62.979013
62.277935
61.687748
60.338769
59.567924
59.347561
59.358054
59.437465
59.554169
59.435905
60.263471
60.839053
61.907828
62.500709
62.475893
62.300340
62.841180
62.687039
62.868832
62.808565
62.766307
62.381027
60.784033
60.199234
61.193988
61.720363
61.828276
61.595292
61.166761
60.691010
60.462280
60.162791
60.123369
59.863159
59.531055
59.293108
59.288287
58.776943
58.152155
57.718094
57.438883
56.785309
56.668321
55.895916
56.139535
56.244328
56.142796
56.820618
57.025950
57.214691
57.954481
58.477170
58.479864
58.414918
58.438315
58.150312
57.876347
56.786302
64.807714
