109.604832
110.146678
109.336497
109.703192
109.630716
109.827437
109.359793
109.892148
109.585850
109.272649
109.734254
110.229508
109.459016
109.830889
110.052632
109.489215
109.205349
110.251079
109.752373
109.776531
109.555651
110.141501
109.391717
109.729077
109.711821
109.974978
109.386540
109.773080
109.767041
109.597066
108.848145
108.810181
109.329594
108.963762
109.624676
109.647972
109.833477
109.692839
110.056083
109.810181
109.367558
109.392580
109.876618
109.748059
109.649698
110.043141
110.062123
109.621225
109.939603
109.855047
109.764452
109.946506
110.062985
110.372735
110.543572
110.458154
110.071613
109.409836
109.610009
109.515099
108.987058
109.439172
109.291631
109.748059
109.651424
109.943054
109.808456
109.401208
109.284728
109.688525
109.650561
109.897325
109.661777
109.819672
109.521139
109.817947
109.657463
109.761864
109.354616
109.737705
109.628128
109.656601
109.370147
109.647110
109.270923
109.786885
109.421053
109.520276
109.119068
109.469370
109.315789
109.110440
109.685073
109.719586
109.210526
109.106126
109.675582
109.411562
109.577222
109.371872
109.435720
109.001726
109.106989
108.938740
109.076790
108.813632
109.204487
109.035375
109.103538
109.400345
109.603106
109.369284
109.626402
109.575496
109.937877
109.810181
109.735116
109.355479
109.462468
109.261432
109.352028
109.406385
109.056946
109.499569
109.412425
109.615186
109.358067
109.749784
109.622951
109.838654
109.674720
109.825712
109.370147
109.273512
109.095772
109.160483
108.880069
109.563417
109.119068
109.423641
109.179465
109.836928
109.565142
110.391717
110.155306
110.081967
109.549612
109.503020
109.082830
109.189819
109.220017
109.094047
109.175151
109.359793
109.547023
109.305436
108.945643
109.377912
109.339948
109.268335
109.587575
109.589301
109.815358
109.518550
109.811044
109.838654
110.031061
109.820535
109.470233
109.399482
109.443486
109.482312
109.576359
109.709232
109.687662
109.672994
109.376186
109.723900
109.896462
109.546160
109.230371
109.065574
109.065574
109.221743
109.098361
109.719586
109.606557
110.006040
110.037964
110.029336
109.796376
109.687662
109.535807
109.194133
109.012942
109.447800
109.378775
109.569456
109.351165
109.766178
109.558240
109.899914
109.706644
110.081967
109.789474
110.024159
109.707506
109.979292
109.347714
109.907679
109.673857
109.256255
109.099223
109.503883
109.755824
109.741156
109.735116
109.962036
110.133736
110.031061
110.153581
110.270060
110.374461
110.164797
109.827437
109.839517
109.848145
109.669543
109.690250
109.884383
110.059534
110.069025
110.341674
110.172563
110.344262
110.311475
109.427955
109.634167
109.756687
109.371009
109.363244
109.654012
109.336497
109.789474
109.650561
109.806730
109.801553
109.962036
109.688525
109.931838
109.696290
109.824849
109.610871
109.853322
109.664366
109.708369
109.577222
109.858499
109.356342
109.354616
109.732528
109.654012
109.452977
109.635030
109.960311
110.377049
110.185505
110.310613
109.849008
110.301122
110.023296
109.672131
109.828300
109.390854
109.528041
109.399482
108.881795
109.400345
109.655738
109.589301
109.858499
109.679034
109.764452
109.778257
109.797239
109.676445
109.792062
109.419327
109.459016
109.263158
109.648835
109.245039
109.533218
109.911993
110.091458
110.160483
109.911993
109.818809
109.612597
109.515099
109.686799
109.861087
109.345125
109.587575
109.070751
109.163934
108.924072
109.135462
109.078516
109.483175
109.378775
109.539258
108.870578
109.259707
109.205349
109.436583
109.260569
109.715272
109.553926
109.798102
109.681622
110.093184
109.880069
109.903365
109.298533
109.624676
109.356342
109.616911
109.169111
109.490078
109.310613
109.494392
109.638481
109.449525
109.481450
109.387403
109.371009
109.484038
109.562554
109.455565
109.578085
109.397757
109.534081
109.486626
109.664366
109.819672
109.907679
109.976704
110.182053
110.002588
109.940466
109.644521
110.027610
110.113028
110.100086
109.752373
109.806730
109.671268
109.845557
109.876618
109.306299
109.502157
109.271786
109.559103
109.261432
109.719586
109.465056
109.549612
109.354616
109.544435
109.226920
109.616048
109.321829
109.920621
109.610871
109.704055
109.421053
110.073339
109.631579
109.816221
109.552200
110.022433
109.832614
110.179465
109.907679
109.684211
109.688525
109.852459
109.414150
109.653149
109.510785
109.298533
109.490940
109.567731
109.757550
109.652286
109.773080
109.776531
109.674720
109.275237
109.874892
109.650561
109.794651
109.728214
109.673857
109.636756
109.624676
109.651424
109.389129
109.462468
109.729940
109.586713
109.657463
109.798965
109.786022
109.871441
109.538395
108.989646
109.276963
109.223469
109.421915
109.263158
108.998274
109.286454
108.878343
109.444349
109.336497
109.628128
109.237274
109.616911
109.521139
109.778257
109.772217
109.827437
109.543572
109.742882
109.522002
109.232959
109.226057
109.312338
108.856773
109.529767
109.289042
109.905953
109.960311
109.854185
109.321829
109.603106
109.363244
109.484038
109.413287
109.405522
109.368421
109.482312
109.591890
109.263158
109.273512
109.197584
108.865401
108.819672
109.138913
109.198447
109.559103
109.522865
109.501294
109.516825
109.573770
109.685936
109.757550
109.504745
109.748059
109.728214
109.710958
109.633305
109.627265
109.408973
109.185505
109.489215
109.632442
109.672994
109.836066
109.337360
109.253667
109.332183
109.035375
109.488352
109.150992
109.324418
109.109577
109.387403
109.217429
109.876618
109.777394
109.983607
109.575496
109.667817
109.240725
109.442623
109.058671
109.431406
109.426230
109.435720
109.170837
109.384814
109.113028
109.360656
109.238999
109.529767
109.389129
109.566868
109.396031
109.635893
109.532355
109.476273
109.508197
109.671268
109.780846
109.872304
109.682485
109.465919
109.501294
109.139776
109.286454
109.401208
109.621225
109.548749
109.659189
109.572908
109.213115
109.281277
109.471959
109.125108
109.160483
109.102675
109.314927
109.080242
109.506471
109.540121
109.566005
109.615186
109.580673
109.866264
109.566005
109.805867
109.408110
454-472-peixe2.MOV