88.617461
88.197522
88.465346
88.797861
89.170816
89.647499
90.223936
90.321763
90.353670
90.219554
89.993689
88.475456
88.148492
87.924205
88.265311
88.907375
89.709502
90.611384
91.100105
90.916491
90.859689
89.823457
88.516187
88.402583
88.439867
88.736793
89.313756
89.794881
90.319367
90.735215
90.721190
90.585145
89.997137
88.918361
88.645863
88.604079
89.189458
89.582866
90.141246
90.600281
90.983462
90.674497
89.622604
88.956814
88.956814
89.118104
89.735683
90.089703
90.525129
90.975281
91.318198
91.085320
90.749708
89.278810
88.739656
88.624708
89.021856
88.901005
89.221424
89.412167
90.076671
90.761921
91.124123
91.060776
91.058789
91.077022
91.107235
90.989072
90.956054
90.860098
90.897324
91.109572
91.341281
91.316386
91.327489
91.377922
91.409362
91.460496
91.482468
91.578834
91.465872
91.506954
91.444074
91.503915
91.443782
91.315626
91.417719
91.406615
91.220489
91.122896
90.155330
88.986384
88.922627
88.496961
88.916258
89.130493
89.745033
90.305458
91.299381
91.265019
91.407959
90.874532
89.663803
88.995968
89.106124
89.116293
89.761980
90.203950
90.910180
91.209385
91.345547
91.080704
91.135051
89.989130
89.192789
89.312529
89.662518
90.171809
90.773317
90.890662
91.649778
91.885460
91.733170
90.720430
89.737553
89.686770
89.895921
90.167251
90.446295
90.934841
91.754500
92.147674
92.010402
91.229313
89.869156
89.647382
89.723118
89.941795
90.432854
90.934666
91.419998
91.901297
91.961138
91.807153
91.577606
90.773668
89.897674
89.634935
89.888791
90.023784
90.630376
91.138967
91.850281
92.106942
92.081230
91.438873
90.086489
89.555750
89.733228
89.755318
90.146038
90.237728
91.183497
91.688698
92.115825
91.948808
90.812003
89.838184
89.981066
90.016597
90.514142
90.559666
91.067380
91.546517
91.828658
91.907200
92.148317
91.941386
92.117578
92.065101
92.209268
92.361618
92.315685
92.339060
92.502338
92.570418
92.606183
92.531265
92.340171
92.439341
92.376519
92.459619
92.367987
92.443899
92.385577
92.326145
90.740416
89.838534
89.887856
90.057270
89.832165
89.786290
89.898083
90.374474
90.925958
91.788043
92.259993
92.284654
90.907024
89.666433
89.487027
89.748072
90.107059
90.062880
90.678354
91.179231
92.012155
91.979897
91.966982
90.691737
89.870325
89.793654
90.113955
89.881194
90.082515
90.283661
91.073983
91.656907
92.008298
91.984981
91.883123
90.813523
89.807211
89.590989
90.010460
89.968911
90.530739
90.761688
91.511805
91.859572
91.892824
91.973936
91.239364
90.195418
89.580820
89.739189
89.899310
90.198282
90.616819
91.259409
91.719963
91.848586
91.739072
90.723001
89.814925
89.698574
90.365124
90.566445
91.114306
91.715930
91.792076
91.624766
90.563698
89.913686
89.899544
90.128623
90.515545
90.939750
91.442438
92.037518
92.140136
92.147616
91.393174
90.382013
90.117111
90.312763
90.568139
90.333918
90.887331
91.136337
91.712950
92.080879
92.268817
91.957048
91.375351
90.337366
90.336489
90.499825
90.982468
91.621318
92.462132
92.966515
93.565802
93.996435
94.160706
93.239832
92.160122
92.113254
92.414563
92.260402
92.493922
93.089353
93.424147
93.719495
93.175549
91.664680
91.321412
91.475339
91.459093
91.548796
92.309899
93.047160
93.310484
93.150012
92.120383
90.592917
90.029453
90.252221
90.638499
91.031907
91.463593
91.752338
91.607059
91.586080
90.405213
89.614189
89.774310
90.018350
90.494565
90.955295
91.322990
91.572639
91.402583
90.010694
89.387447
89.175549
89.571821
89.825970
90.316912
90.450444
91.185659
91.089411
90.810250
89.679991
89.396388
89.237319
90.012740
90.233403
90.893291
91.355657
91.524953
90.801952
89.769051
89.137272
89.491819
89.545231
89.779511
89.618981
90.422394
90.724521
90.714995
90.426251
89.113312
88.653050
88.721365
88.898609
89.004967
89.579535
89.576671
90.550491
90.703834
90.727910
90.533076
90.703424
89.142648
88.651940
88.985507
89.346774
89.419004
89.992987
90.515486
90.965112
90.956931
91.239481
91.219144
89.992461
89.073048
89.147382
89.579301
90.117520
90.470898
91.001052
91.510870
91.606300
91.962775
91.891071
92.052887
91.975397
92.316094
92.245383
92.269811
92.238020
92.519402
92.270103
92.636921
92.361325
92.621611
92.465404
92.521038
92.113897
92.269168
92.178647
92.390311
92.286816
92.347592
92.246143
92.240007
91.145103
90.033485
89.408252
89.492987
89.645220
89.815334
90.530680
90.986676
91.759993
91.724988
91.436127
90.095489
89.339236
89.473878
89.546283
89.671634
89.962716
90.367754
91.026531
91.581230
91.686185
91.672803
90.506428
89.482878
89.268759
89.412693
89.457457
89.631662
90.026531
90.450210
91.138791
91.500175
91.534479
91.010344
89.787459
89.721424
89.645103
90.073048
90.218735
90.597885
91.163569
91.569834
91.524135
90.835262
89.719904
89.460554
89.437237
89.885753
90.331639
90.911524
91.496903
91.735799
91.597242
90.816211
89.485449
89.535531
89.466982
89.827723
90.429640
91.008707
91.421050
91.841398
91.527525
90.323282
89.461781
89.407433
89.810718
89.807679
89.962190
90.223527
90.848410
91.075912
91.356066
90.843034
89.986033
89.438347
89.567906
89.998890
90.488312
90.838710
91.472826
91.624942
91.807036
91.370734
89.936185
89.382889
89.573282
90.359572
90.503448
90.996961
91.373130
91.331113
90.524252
89.606124
89.516012
90.101157
90.252863
90.804406
90.942496
91.289680
91.474404
90.887915
89.669998
89.525421
89.794530
90.092158
90.359864
90.908018
91.251227
91.954652
91.678530
91.633415
90.645746
89.991468
89.906615
90.336080
90.442146
90.558789
90.440860
90.847592
91.353027
91.939750
91.732059
91.248890
90.246026
89.828424
90.032083
90.086723
90.265895
90.546108
90.903226
91.690626
92.258707
92.152700
92.130785
91.742695
90.548504
89.740007
89.926251
90.288277
90.745383
91.092683
91.626286
91.933964
91.822990
90.870909
89.773259
89.544413
90.219670
90.814633
91.305750
91.746903
92.273083
92.455704
92.483754
91.873539
90.657550
90.602793
90.605189
91.177536
91.390662
91.581113
92.063990
92.538160
92.640545
92.422335
92.188114
91.231533
90.134233
90.144518
90.511220
91.224229
91.593911
92.324042
92.307211
92.320652
91.460554
90.316678
89.899778
90.559432
90.962892
91.661115
91.935718
92.723936
92.809958
91.929932
90.323633
89.732352
89.729371
90.046692
90.555926
90.933205
91.465112
91.634759
91.139610
89.871903
89.374474
89.631078
89.710086
89.715112
89.981942
90.573574
90.882539
92.043537
92.343794
92.169238
90.950678
89.783076
89.505610
90.082866
90.811886
91.236209
91.514434
91.644928
92.042719
92.265369
92.321295
91.494974
90.681452
90.259058
90.128974
90.790965
90.891363
90.999240
90.763149
91.689984
92.359572
92.120033
91.182328
89.905797
89.629149
90.704769
91.178121
91.806159
91.659537
92.335379
92.691152
92.418361
91.372779
90.710496
90.144226
90.306802
90.174497
90.223352
90.678413
91.189107
91.806627
91.842099
91.557445
90.554465
89.703950
89.692613
89.949626
90.264902
90.778343
90.567204
90.406966
90.392824
90.403869
90.616410
91.068315
91.153050
91.577782
91.390545
90.342158
89.741468
89.935659
90.067029
90.111618
90.144752
90.235624
90.435659
90.782784
91.532141
91.973820
92.125701
91.696237
90.806043
89.790498
89.958509
89.748831
90.221774
90.249357
90.403226
90.529745
90.918478
91.473235
92.188114
91.923796
91.733696
90.492228
89.722475
89.474871
89.844495
89.798679
90.108403
90.303647
90.750993
91.564165
92.075210
92.007597
91.183322
89.953191
89.734280
90.050725
90.423504
90.861559
90.966106
91.581755
91.665965
91.815393
91.272966
90.114598
89.796225
89.957866
90.280739
90.732235
91.161992
91.727618
91.982468
91.889610
91.632539
90.552887
89.909245
89.924965
90.289329
90.754500
90.879208
91.196529
91.739656
91.963534
91.952840
91.942204
91.919647
91.911524
92.234455
92.113838
92.446704
92.322639
92.611968
92.381194
92.655797
92.540556
92.823516
92.502338
92.734689
92.597008
92.675199
92.593326
92.651706
92.663569
92.699334
92.480189
92.704243
92.573399
92.098294
90.697581
89.530330
89.512155
89.890895
89.705061
90.308146
90.715171
91.651531
92.268934
92.253623
91.948866
90.397791
89.499942
89.775479
90.090989
90.197347
90.145512
90.049614
90.332048
90.707749
91.320009
91.882188
92.107819
91.832983
90.945827
89.839586
90.033544
90.381194
90.648025
91.119799
91.437997
91.903693
92.519109
92.513324
92.409946
91.573691
90.266129
89.955353
89.997078
90.469144
90.771330
91.215989
91.748656
92.456931
92.032200
91.349287
90.188230
90.264084
90.347475
90.777291
90.790264
91.346248
91.742987
92.354254
92.336138
92.004850
90.665965
90.040030
90.027174
90.365416
90.440101
91.113663
91.284303
91.934724
92.086080
92.199334
92.084561
92.115241
91.789680
90.283193
89.791258
89.855774
90.129500
90.163862
90.099404
90.480715
90.796692
91.440393
92.213593
92.250000
92.206288
91.602501
90.691561
90.055224
90.401823
90.513675
90.710963
90.668946
90.558322
90.783836
90.864656
91.248597
91.874357
92.010344
92.112085
92.155271
92.293537
92.424439
92.371201
92.676426
92.492987
92.828892
92.745792
92.971073
93.079652
93.177536
93.086314
92.960086
92.841573
93.030446
92.791550
92.988371
92.924030
93.170874
92.994682
93.125117
92.697990
91.613663
90.522090
90.438990
90.204710
90.313815
90.175958
90.611033
90.491760
91.241760
91.446295
92.290790
92.518467
92.247195
91.184607
90.309023
90.105832
90.235566
90.516246
91.161232
91.412927
92.158135
92.360916
92.309549
92.140603
90.871494
90.014084
90.096131
90.512856
90.959736
91.473294
92.191971
92.701321
92.670115
91.948866
90.694191
90.513558
90.875117
90.873130
90.762681
91.023901
91.392064
91.826145
92.575970
92.404161
92.555750
91.735449
90.878097
90.507772
90.947581
90.859046
91.158193
91.554173
92.258240
92.684490
92.978612
92.609572
91.457632
90.471073
90.516129
90.733637
91.015486
90.844028
91.029278
91.495792
92.137564
92.551777
92.944951
92.745559
91.865124
90.661583
90.496026
90.541141
90.794355
91.254617
91.394928
91.730189
92.501695
92.760928
92.701087
92.082866
90.789972
90.546342
90.613488
90.940860
91.283777
91.792660
92.183555
92.702899
93.039095
93.097768
92.427712
91.074275
90.470255
90.518291
90.867228
91.404453
91.877104
92.527758
92.702314
92.528752
91.386688
90.508883
91.016012
91.423329
91.812529
91.846424
92.479605
92.506194
92.390778
91.254675
90.266129
90.212073
90.647908
90.597709
91.214177
91.303237
91.951379
92.419881
92.911933
92.952373
91.618104
90.287459
90.256136
90.303939
90.630727
90.518583
91.022031
91.166258
91.677244
92.081639
92.299731
92.386746
92.244156
91.521681
90.362144
90.177595
90.612027
91.105657
91.273901
91.918887
92.189691
92.164095
91.161057
90.100631
89.982352
90.536583
90.940276
91.310951
91.769051
92.151823
92.161466
91.550958
90.466515
90.165264
90.566269
90.700503
91.151414
91.466164
91.932036
92.487611
92.547277
92.159011
90.912634
90.189107
90.755435
90.931101
91.402174
91.491702
92.129208
92.213242
92.188114
91.266830
90.270863
90.185776
90.717508
90.978787
91.649895
91.801893
92.461957
92.485157
92.507831
91.419063
90.561770
90.349112
90.726274
90.845547
91.303530
91.478144
92.218969
92.338885
92.457691
92.032024
90.763149
90.311536
90.578074
90.778752
90.628799
90.664972
90.838768
91.219846
91.590054
92.184841
92.265369
92.390252
91.556510
90.523726
90.689691
90.794472
91.073866
91.265895
91.532258
92.365942
92.753915
92.641129
92.674906
91.773317
91.202489
91.420699
91.688698
91.764668
92.025479
91.800666
92.245792
92.410238
92.479254
92.067146
90.920407
90.165323
90.525362
90.577899
90.964119
91.010285
91.422744
91.792894
92.471540
92.621377
92.721774
92.426309
92.419121
92.223936
92.397733
92.145921
92.418654
92.438815
92.748831
92.742286
92.873773
92.734397
92.933614
93.001461
93.072581
93.192380
93.245792
93.362728
93.292719
93.206463
93.217508
93.160764
93.186185
93.124532
93.088359
92.004266
90.759701
90.468268
90.550374
90.802361
90.773843
91.432737
91.626286
91.906615
92.722943
93.159946
92.829593
91.338067
90.703366
90.852326
91.672861
92.130493
92.528576
92.776765
92.592859
91.190626
90.723936
90.605423
90.995500
90.741000
90.955119
90.841456
91.597651
91.804640
92.691912
92.726157
92.768291
91.650012
90.874591
90.557562
91.177186
91.248948
91.192964
90.528986
90.739890
90.744565
91.240650
92.005961
92.467158
92.456697
92.409070
91.150362
90.629967
90.632129
91.099755
91.420173
91.678062
92.138441
92.800082
93.480014
93.639610
92.579243
91.113254
91.246727
91.120033
91.389434
91.680867
92.093093
92.994156
92.853553
92.421926
91.658135
91.571353
91.348294
91.622662
92.138733
92.500175
93.334385
93.708450
93.770453
93.399719
92.064399
91.318373
91.628214
91.797861
91.501403
91.754675
91.743747
91.818724
92.171517
92.869273
93.164797
93.687821
93.331230
92.421576
91.962599
91.585788
91.526765
91.919238
91.800374
92.577022
93.037576
93.264843
92.816678
91.410238
91.575912
91.842041
92.082398
92.169764
92.009292
92.601683
93.121377
93.584794
93.921283
93.284712
92.360624
91.156265
91.079360
91.021622
91.048270
91.227852
91.729839
92.689808
93.066678
93.019869
92.689049
91.565334
91.010753
91.139610
91.526239
91.824801
92.093385
92.455937
93.076613
93.039563
92.539563
91.282492
90.716632
91.068139
91.478728
92.335086
92.619273
92.841398
92.820418
92.152232
91.008532
90.926309
90.914095
91.384409
91.910881
92.762798
93.254208
94.173738
94.391304
93.510051
91.873364
91.213301
90.973936
91.398668
91.139259
91.760344
91.842859
92.182153
92.811185
93.504792
93.229254
92.579243
91.195769
90.783953
90.754500
91.080996
91.272324
91.854605
92.133006
92.784596
92.999942
93.014201
92.782842
91.992812
91.945652
92.038803
92.234280
92.357352
93.290498
93.836723
93.971131
93.262272
92.096657
91.107702
91.245091
91.391830
91.830470
92.426075
92.979780
93.640136
94.052069
94.018642
93.888908
92.814341
91.818665
91.980423
92.189516
92.477560
92.811828
93.340930
93.577080
93.810016
93.598820
92.806627
91.652349
91.758883
91.627980
92.060016
92.040790
92.502162
92.757246
93.210554
93.703308
94.101391
93.933029
93.072990
91.827899
92.011279
92.213476
92.665264
92.695886
93.056159
93.334619
93.977793
94.157492
93.992637
92.708976
91.729488
91.632422
91.928004
92.157667
92.441971
92.781615
93.331931
93.930809
93.949977
93.710729
92.696879
91.857235
91.929523
92.301426
92.759116
93.241293
93.954652
94.410297
94.199042
93.776005
92.515895
92.196529
92.326204
92.523083
92.797744
93.193665
93.556802
93.898901
93.960145
93.884818
93.904862
94.057445
94.127396
93.904453
94.276531
94.061536
94.441503
94.341339
94.472592
94.264551
94.620150
94.660764
94.988897
94.975923
95.035706
95.019402
95.317964
95.126461
94.914504
94.603612
94.609923
94.325444
94.478904
94.281557
94.557504
94.505785
93.643876
92.409712
91.997662
92.002454
91.891655
91.742286
91.526297
91.385870
91.705061
92.028986
92.471540
93.323340
93.660414
93.676952
92.728612
91.445769
91.450736
91.453366
91.695302
92.302595
92.640369
93.557036
93.712775
93.820535
93.080353
91.707457
91.328950
91.312295
91.701905
92.152817
92.332457
93.333859
93.758474
93.557971
92.442438
91.514376
91.564516
91.966748
92.409888
92.564575
93.159011
93.590580
93.562529
92.783135
91.730306
91.412284
91.695360
91.814458
92.477443
92.613955
93.381604
93.527349
93.253799
91.890019
91.401706
91.543712
92.157901
92.413628
93.038628
93.582866
93.785940
92.787518
91.632013
91.351099
91.621727
91.617637
92.011571
92.341807
93.085729
93.554231
93.831522
92.776706
91.693022
91.848410
91.975105
92.332924
92.727735
93.166725
93.792602
93.885051
93.637856
92.389376
91.483696
91.581113
91.784946
92.117403
92.523375
92.643525
93.290206
93.625877
93.405622
92.457691
91.644518
91.579184
91.843794
91.945594
91.944425
92.089645
92.322113
92.792368
93.351858
93.243630
92.666725
91.602443
91.753740
91.933088
92.567730
92.807094
93.606884
93.689107
93.524603
92.294472
91.569074
91.636571
91.981358
92.228845
92.833216
93.141830
93.698457
93.730832
93.208333
91.785881
91.466281
91.550842
91.977969
91.955353
92.276122
92.732994
93.372429
93.636629
93.678471
93.684257
93.036115
91.619682
91.198808
91.677127
92.263441
92.661407
92.862436
93.518291
93.759000
93.682854
92.018700
91.450386
91.574743
91.775187
91.936010
92.120734
92.495617
92.821295
93.523083
93.818139
93.686302
93.227501
91.789446
91.388733
91.555517
91.696704
92.302069
92.470489
93.129441
93.602852
93.731884
92.926718
91.998948
91.687295
91.856884
91.786349
92.121318
92.122195
92.473761
92.373364
92.841515
93.590463
94.211723
94.322055
94.110390
92.682328
91.732352
91.847885
92.546985
92.797218
93.380318
93.582749
93.436536
92.102092
91.493864
91.958158
92.146564
92.732468
92.974871
93.530037
94.100865
94.147733
93.648083
92.422043
91.731300
92.004149
92.341398
92.706054
93.099053
93.589586
93.641947
93.725748
92.874357
91.982527
92.057737
92.182679
92.494098
92.951905
93.247312
93.953483
94.366059
94.502338
93.578366
92.296459
91.931276
91.970489
92.602852
92.823749
93.591632
94.024486
94.140603
93.872721
92.940451
91.925725
92.144168
92.048504
92.313055
92.232761
92.945126
93.472768
94.273434
94.234163
94.386571
94.316854
94.474521
94.226099
94.385519
94.265019
94.500935
94.351566
94.625818
94.400421
94.727034
94.652641
94.623539
94.851274
94.851566
95.004383
95.066737
95.026940
95.160706
95.249299
95.218735
95.093735
95.082691
95.232585
95.121085
95.005552
95.047160
94.982468
93.750058
92.444367
91.969437
92.175783
92.808731
92.855774
93.351449
94.204535
94.394869
94.384292
94.291667
92.899895
92.035998
92.076321
92.325795
92.617228
92.678004
92.376578
92.707691
92.783310
93.713184
94.311653
94.788920
94.532024
93.935951
92.280856
91.986559
92.022090
92.447873
92.568957
93.239481
93.549965
94.393583
94.375058
94.055575
93.028693
92.232585
92.016713
92.872429
93.203249
93.784537
94.021739
94.300608
94.110507
92.988488
92.291374
92.439984
92.454593
92.464703
92.663862
92.944367
93.503389
94.069425
94.279862
94.044647
92.948749
92.165089
92.104956
92.320944
92.707281
93.013908
93.091865
93.759701
94.062588
93.815568
92.680750
91.875409
91.849696
91.942380
92.187705
92.758415
93.121844
93.714703
93.791199
92.519051
91.734923
92.126753
92.326145
92.904804
93.033252
93.870792
93.836197
93.302887
92.126578
91.965404
92.073749
92.539329
92.622721
93.118689
93.716398
94.075736
93.551835
92.596014
91.818432
92.153927
91.929640
92.669705
93.189516
93.356300
93.703950
94.106066
94.211606
93.655154
92.476975
92.152349
92.173387
92.427478
93.155330
93.292602
93.797218
94.247779
94.977092
94.734280
94.273726
92.881253
92.495851
92.844495
93.462132
93.651648
94.206171
94.477735
93.868630
92.680984
92.758415
93.100456
93.364773
93.869799
94.246201
95.031498
95.235799
95.263499
94.197931
93.226157
92.953892
92.976449
92.879266
93.662868
93.950210
94.753331
94.483228
94.467158
92.806393
92.600865
92.977501
93.507772
93.448691
93.516655
93.452080
93.526648
93.407433
93.908602
94.155505
94.970722
94.976274
94.366877
93.189575
93.066269
93.252922
93.511162
93.252922
93.673153
93.750760
94.358228
94.887155
95.169063
94.931744
93.769694
92.810250
92.738897
93.332340
93.878799
94.151706
94.912167
95.103319
94.572113
93.622137
93.110624
93.318432
93.607176
93.962307
94.105189
94.738137
94.966456
94.779219
93.712950
92.867111
92.990650
93.263908
93.360799
93.547043
93.621961
94.163569
94.686886
95.178296
95.139084
95.081755
94.953950
93.907901
93.178471
92.958333
93.591398
93.942087
94.524135
95.010577
95.333333
95.009409
93.614130
92.900245
93.405972
93.793654
94.221365
94.456931
95.097885
95.107878
94.050199
93.121026
93.185309
93.414446
93.479430
93.147733
93.498714
93.324918
92.733754
93.071120
93.867578
94.987436
95.649836
95.713125
95.143116
93.980949
93.156440
93.263266
93.364949
93.528752
93.506136
93.558672
93.687471
94.175666
94.775596
95.049439
94.372487
93.269226
92.843677
93.414154
93.660180
93.918595
94.418420
94.975865
94.908076
94.175199
93.235741
93.063055
93.235157
93.548679
93.919121
94.073633
95.031323
95.052186
94.831346
93.483754
92.758824
93.076321
93.878156
94.064925
94.726099
95.315977
95.408076
94.871786
93.851741
93.216924
93.521798
93.503974
93.669296
93.505435
93.620208
93.749299
94.234455
94.663628
95.196353
95.023726
94.469378
93.235273
