94.595588
94.800000
94.923529
95.098529
94.938235
94.697059
95.070588
95.023529
95.304412
95.136765
95.310294
95.041176
95.160294
95.039706
95.220588
94.985294
95.108824
95.130882
95.376471
95.585294
95.400000
95.239706
95.305882
95.588235
95.725000
95.795588
95.929412
96.110294
96.014706
95.927941
95.597059
95.745588
95.954412
95.566176
95.873529
95.679412
95.889706
95.248529
95.495588
95.667647
96.067647
94.907353
95.760294
95.807353
96.035294
95.917647
96.080882
95.664706
95.823529
95.517647
96.048529
95.802941
96.125000
95.855882
96.257353
96.119118
95.895588
95.588235
95.639706
95.151471
95.107353
95.222059
95.339706
95.466176
95.292647
95.204412
95.077941
95.076471
94.838235
94.525000
94.527941
94.419118
94.430882
94.105882
94.263235
94.139706
94.169118
94.073529
94.241176
94.380882
94.358824
94.152941
94.366176
94.748529
94.827941
94.533824
93.926471
94.557353
94.557353
94.298529
94.360294
94.286765
94.772059
94.635294
95.380882
95.216176
95.411765
95.114706
95.300000
94.794118
94.548529
94.164706
94.641176
94.632353
94.760294
94.979412
95.301471
95.508824
95.185294
94.517647
94.273529
93.389706
93.282353
92.954412
91.577941
90.801471
90.519118
89.779412
89.958824
89.655882
89.854412
89.655882
88.873529
88.426471
88.572059
88.426471
88.100000
88.383824
88.325000
87.992647
87.830882
88.223529
88.205882
88.363235
88.182353
88.417647
88.380882
88.241176
88.242647
87.977941
87.875000
87.910294
87.800000
88.079412
88.020588
88.230882
87.755882
87.713235
87.391176
87.214706
87.435294
87.208824
87.485294
87.267647
87.619118
87.044118
87.361765
87.600000
87.070588
87.088235
87.560294
87.560294
87.679412
87.364706
87.623529
87.377941
87.511765
87.166176
87.389706
87.063235
87.744118
87.435294
87.594118
87.697059
87.982353
87.941176
88.057353
87.576471
87.713235
87.355882
87.317647
87.648529
87.550000
87.739706
87.804412
87.242647
86.944118
87.636765
87.183824
87.736765
87.825000
87.694118
87.748529
87.382353
87.455882
87.877941
88.216176
87.914706
87.967647
87.557353
87.433824
87.723529
87.720588
87.500000
87.567647
87.367647
87.201471
87.197059
87.064706
87.091176
87.277941
87.397059
87.733824
87.522059
88.022059
87.322059
87.350000
86.966176
87.392647
86.991176
87.523529
87.411765
87.239706
87.245588
87.411765
86.863235
87.322059
87.248529
87.080882
86.995588
86.975000
86.558824
86.661765
86.697059
86.958824
86.864706
86.916176
86.838235
87.472059
87.195588
87.422059
87.808824
87.601471
88.042647
87.851471
87.452941
87.385294
87.541176
87.495588
87.714706
87.214706
87.561765
87.219118
87.308824
87.930882
88.097059
87.898529
87.889706
87.976471
88.141176
87.929412
88.011765
87.936765
87.976471
87.616176
87.432353
87.697059
87.735294
87.258824
87.383824
87.276471
87.698529
87.838235
87.466176
88.036765
87.957353
88.017647
87.830882
88.292647
87.960294
88.051471
87.730882
88.036765
87.610294
87.967647
87.780882
87.967647
87.979412
87.982353
87.914706
88.095588
87.869118
88.055882
87.682353
87.526471
87.469118
87.447059
87.420588
87.580882
87.426471
87.727941
87.835294
87.880882
87.802941
87.838235
88.141176
88.172059
88.127941
88.058824
87.689706
87.704412
87.788235
88.066176
88.216176
88.238235
87.941176
87.617647
87.751471
87.566176
87.694118
87.738235
87.844118
87.613235
88.030882
87.200000
86.995588
87.397059
87.363235
87.345588
87.613235
87.422059
87.844118
87.817647
87.385294
88.082353
87.725000
88.008824
87.883824
88.263235
87.682353
88.119118
87.810294
87.875000
87.702941
87.857353
87.901471
87.776471
87.100000
87.914706
87.260294
87.535294
87.354412
87.425000
87.191176
87.669118
87.538235
87.619118
87.405882
87.732353
87.655882
87.560294
87.500000
87.458824
87.700000
87.445588
87.320588
87.385294
87.739706
87.711765
87.276471
87.235294
87.386765
87.258824
87.301471
87.364706
87.476471
87.344118
87.429412
87.163235
87.285294
87.122059
87.116176
87.127941
87.220588
87.061765
87.151471
87.255882
87.600000
87.772059
87.741176
87.626471
87.395588
87.725000
87.658824
87.794118
87.336765
87.530882
86.660294
87.341176
87.352941
87.777941
87.644118
87.944118
87.855882
88.254412
87.642647
88.214706
87.716176
88.230882
88.257353
88.529412
88.426471
88.363235
88.302941
88.148529
88.089706
88.286765
87.879412
88.022059
87.702941
87.473529
87.392647
87.589706
87.969118
87.830882
87.820588
87.638235
87.908824
87.998529
87.585294
87.585294
87.642647
87.452941
87.367647
87.030882
87.251471
87.426471
87.367647
87.408824
87.619118
87.322059
87.511765
87.642647
87.735294
87.564706
87.373529
87.350000
87.645588
87.658824
87.479412
87.614706
87.523529
87.944118
87.755882
87.975000
87.736765
88.013235
87.438235
87.707353
87.597059
87.795588
87.683824
87.835294
87.385294
87.942647
87.492647
88.005882
87.939706
87.963235
87.536765
87.710294
87.351471
87.261765
87.120588
87.776471
87.295588
87.955882
88.001471
88.030882
87.897059
87.776471
87.979412
87.708824
87.904412
87.998529
88.010294
87.988235
88.051471
87.748529
87.820588
87.997059
88.091176
87.825000
87.867647
87.532353
87.629412
87.754412
87.752941
87.560294
88.152941
87.744118
88.242647
88.183824
87.939706
87.582353
87.223529
87.467647
87.514706
87.545588
87.858824
87.325000
87.385294
87.788235
87.676471
87.901471
87.835294
88.091176
87.777941
87.898529
87.851471
88.002941
87.751471
87.844118
87.147059
87.672059
87.391176
87.873529
87.644118
87.807353
87.454412
88.248529
87.676471
87.848529
87.492647
87.641176
87.342647
87.742647
87.336765
87.738235
87.625000
87.222059
87.377941
87.638235
87.752941
87.192647
87.367647
87.245588
87.201471
87.264706
87.163235
87.176471
87.422059
87.235294
87.344118
87.210294
87.269118
86.810294
86.369118
86.873529
87.230882
87.064706
87.311765
87.045588
87.232353
87.113235
86.988235
87.150000
87.514706
87.282353
87.295588
87.407353
86.789706
87.529412
87.094118
87.404412
87.126471
87.525000
87.480882
87.926471
87.219118
87.436765
86.889706
87.236765
87.052941
87.258824
86.895588
87.326471
87.379412
87.550000
87.564706
87.829412
87.461765
87.932353
87.610294
87.955882
87.772059
87.769118
87.679412
87.989706
87.836765
87.866176
87.773529
87.769118
87.755882
87.572059
87.335294
87.351471
87.602941
87.379412
87.902941
87.260294
87.792647
87.202941
87.269118
87.550000
87.736765
87.767647
87.639706
87.675000
87.854412
87.866176
88.055882
87.695588
88.377941
88.279412
88.425000
88.357353
88.151471
88.005882
88.080882
87.941176
87.625000
88.161765
87.538235
87.819118
87.491176
87.785294
87.560294
87.261765
87.314706
87.669118
86.811765
87.383824
87.391176
87.732353
87.627941
88.045588
87.642647
88.110294
87.791176
87.836765
87.507353
87.826471
88.094118
88.275000
88.094118
88.172059
87.886765
88.186765
87.805882
87.616176
87.802941
87.820588
88.073529
87.664706
87.892647
87.633824
87.950000
87.600000
87.872059
87.922059
87.725000
87.701471
87.476471
87.566176
87.855882
87.698529
87.845588
87.645588
87.635294
87.566176
87.639706
87.517647
87.925000
87.392647
87.791176
87.773529
87.532353
87.576471
87.679412
88.089706
88.277941
88.766176
88.825000
89.710294
90.025000
91.880882
92.895588
93.836765
94.201471
94.848529
94.969118
95.497059
95.639706
95.308824
95.401471
95.469118
95.489706
95.851471
95.130882
95.057353
95.045588
95.301471
95.050000
95.344118
95.198529
95.386765
95.154412
95.289706
95.150000
95.257353
95.394118
95.338235
94.869118
94.970588
95.273529
95.088235
95.469118
95.427941
95.920588
95.619118
95.541176
95.436765
95.892647
96.060294
96.077941
96.057353
95.657353
95.430882
95.827941
96.072059
95.942647
96.016176
95.763235
95.610294
95.688235
95.758824
95.836765
95.725000
95.736765
95.857353
95.832353
95.944118
95.370588
95.632353
94.701471
95.355882
95.536765
95.695588
95.776471
95.907353
95.483824
95.380882
94.751471
94.713235
94.117647
93.720588
93.697059
93.216176
92.277941
91.714706
90.745588
90.554412
89.847059
89.766176
88.460294
88.595588
88.098529
88.183824
87.702941
87.341176
87.652941
87.855882
88.116176
88.164706
88.080882
87.672059
87.800000
87.860294
87.886765
88.017647
87.932353
87.629412
88.010294
87.548529
87.385294
87.826471
87.573529
87.935294
87.873529
87.719118
87.620588
87.492647
87.547059
87.704412
87.758824
87.835294
87.860294
87.669118
87.391176
87.475000
87.210294
87.463235
87.686765
87.517647
87.232353
87.369118
86.927941
87.423529
87.317647
87.501471
87.051471
87.295588
87.051471
87.379412
87.311765
87.479412
87.101471
87.532353
87.357353
87.557353
87.108824
87.382353
87.022059
87.330882
87.113235
87.555882
87.122059
87.692647
87.292647
87.677941
87.858824
87.839706
87.382353
87.536765
87.539706
87.216176
87.257353
87.451471
86.977941
87.147059
87.392647
87.420588
87.719118
87.170588
87.658824
87.580882
87.330882
87.132353
87.473529
87.286765
87.941176
87.754412
87.620588
87.363235
87.438235
87.129412
87.413235
87.436765
87.314706
87.048529
87.320588
87.629412
87.651471
87.929412
87.361765
87.716176
87.685294
87.573529
87.475000
87.641176
87.755882
88.373529
87.902941
87.904412
87.533824
87.919118
87.602941
88.004412
87.913235
88.392647
88.076471
88.060294
88.151471
87.850000
87.488235
87.404412
86.582353
86.923529
86.810294
87.057353
87.435294
87.497059
87.702941
87.692647
87.872059
87.614706
88.417647
87.851471
87.923529
88.001471
87.904412
87.741176
87.764706
87.782353
88.000000
87.488235
87.641176
87.836765
87.623529
87.367647
87.764706
87.795588
88.029412
87.823529
88.145588
87.875000
88.177941
87.922059
87.494118
87.750000
87.516176
87.769118
87.485294
88.352941
87.833824
88.267647
87.747059
87.841176
87.357353
87.838235
87.605882
87.670588
87.163235
87.411765
87.447059
87.823529
87.719118
87.950000
88.101471
88.075000
87.307353
87.789706
87.680882
87.882353
87.594118
87.954412
87.513235
87.930882
87.955882
87.955882
88.152941
87.904412
88.294118
88.200000
88.232353
88.366176
88.263235
87.944118
88.064706
88.172059
88.229412
87.970588
88.016176
87.664706
88.375000
88.385294
88.257353
88.060294
88.710294
87.916176
87.366176
87.704412
87.410294
87.551471
87.576471
87.548529
87.585294
87.566176
87.688235
87.260294
87.250000
87.857353
87.644118
87.769118
87.476471
87.832353
87.670588
87.845588
87.494118
87.601471
87.279412
87.397059
87.304412
88.098529
87.470588
88.029412
87.761765
87.795588
87.566176
87.476471
87.417647
87.794118
87.573529
87.967647
87.826471
87.857353
87.373529
87.760294
87.664706
87.613235
87.807353
87.564706
87.545588
87.191176
87.333824
87.363235
87.607353
87.711765
87.910294
87.901471
87.880882
87.654412
87.601471
87.422059
87.516176
87.572059
87.989706
88.114706
88.235294
87.733824
87.817647
87.717647
87.920588
87.861765
88.085294
88.070588
88.032353
87.860294
87.836765
87.608824
86.888235
87.576471
87.577941
87.702941
87.507353
87.425000
87.407353
87.591176
87.352941
87.588235
87.247059
87.647059
87.555882
87.717647
87.335294
88.170588
87.473529
87.930882
87.816176
88.157353
87.908824
88.057353
88.186765
88.364706
88.188235
88.369118
87.960294
88.251471
88.158824
87.675000
87.963235
87.942647
88.063235
87.994118
87.995588
87.782353
87.645588
87.601471
87.604412
87.422059
87.463235
86.873529
87.417647
87.292647
87.680882
87.470588
87.488235
87.347059
87.405882
87.391176
87.857353
87.402941
87.797059
87.292647
87.379412
87.258824
87.123529
87.088235
87.104412
87.270588
86.804412
87.620588
86.955882
87.407353
87.286765
87.502941
87.198529
87.901471
87.786765
87.735294
87.780882
87.348529
87.451471
87.930882
87.892647
88.126471
87.988235
88.077941
87.729412
87.950000
87.950000
87.970588
87.541176
87.947059
87.847059
88.379412
87.876471
88.077941
87.776471
88.157353
88.448529
88.226471
88.332353
88.451471
88.114706
88.017647
88.110294
88.111765
88.051471
87.964706
88.892647
88.657353
88.510294
88.336765
88.508824
88.430882
88.401471
88.250000
88.467647
88.155882
87.773529
88.051471
87.986765
87.866176
88.069118
87.980882
88.027941
87.847059
87.885294
87.914706
88.194118
87.972059
87.835294
87.911765
87.470588
87.942647
87.527941
87.680882
87.283824
87.594118
87.469118
87.407353
87.407353
87.661765
87.547059
87.717647
87.289706
87.942647
88.095588
88.150000
87.842647
87.854412
87.519118
87.875000
87.655882
87.804412
88.142647
87.510294
87.516176
87.194118
87.517647
87.458824
87.501471
87.050000
87.417647
87.158824
87.445588
87.350000
87.783824
87.302941
87.655882
87.532353
87.388235
87.520588
87.716176
87.316176
87.335294
87.085294
86.938235
86.847059
86.601471
86.688235
86.701471
86.516176
86.177941
86.527941
86.636765
86.682353
86.735294
86.563235
86.147059
86.691176
86.464706
86.986765
86.726471
86.848529
86.777941
86.725000
86.111765
86.497059
86.036765
86.333824
86.042647
86.502941
86.348529
86.969118
86.485294
87.020588
86.257353
86.561765
86.326471
86.716176
86.782353
87.223529
86.892647
86.944118
86.648529
86.525000
85.851471
85.770588
85.795588
85.814706
85.900000
85.316176
85.457353
85.501471
85.832353
86.161765
85.714706
85.920588
86.233824
86.272059
85.925000
86.132353
85.813235
85.900000
86.292647
86.130882
86.295588
86.058824
86.102941
86.027941
86.064706
86.045588
86.064706
86.050000
85.854412
85.677941
85.351471
85.223529
85.045588
85.500000
84.673529
85.332353
85.235294
85.533824
85.410294
85.597059
85.176471
85.564706
85.347059
85.620588
85.289706
85.554412
85.323529
85.107353
84.767647
85.042647
84.775000
84.814706
84.908824
85.430882
85.155882
85.208824
84.702941
85.405882
85.113235
85.270588
85.083824
85.272059
85.454412
85.563235
85.889706
85.398529
85.800000
85.776471
85.808824
85.804412
85.425000
85.650000
85.861765
85.700000
85.854412
85.857353
85.839706
85.451471
85.620588
85.742647
85.770588
85.635294
85.969118
85.673529
85.966176
85.863235
85.786765
85.983824
86.177941
86.142647
85.866176
85.911765
85.938235
86.189706
85.839706
85.904412
85.622059
86.175000
86.155882
86.173529
86.138235
86.467647
86.172059
87.239706
86.670588
86.580882
86.239706
85.992647
85.238235
85.054412
84.858824
85.323529
85.207353
85.764706
85.485294
85.672059
85.117647
85.500000
85.008824
85.102941
85.148529
84.688235
85.280882
84.973529
84.935294
84.473529
84.601471
84.720588
84.963235
84.752941
84.444118
84.407353
84.377941
84.141176
84.082353
84.357353
84.685294
84.870588
84.813235
85.095588
85.039706
84.844118
84.919118
84.983824
85.407353
85.005882
84.925000
84.892647
85.172059
84.845588
84.641176
84.754412
84.985294
85.522059
85.069118
85.132353
84.639706
84.701471
84.058824
84.272059
83.897059
84.363235
84.395588
85.280882
84.983824
85.619118
85.485294
86.158824
86.180882
87.102941
87.501471
87.869118
87.648529
87.620588
87.163235
87.435294
87.042647
87.551471
87.485294
88.139706
87.698529
87.927941
87.842647
87.944118
87.972059
87.817647
88.261765
88.130882
88.310294
88.451471
88.400000
88.447059
88.679412
88.185294
88.379412
88.450000
88.511765
88.214706
88.260294
88.251471
88.517647
87.916176
88.220588
87.976471
87.979412
87.458824
87.692647
87.472059
87.329412
87.208824
87.548529
87.423529
87.470588
87.511765
86.997059
87.479412
87.323529
87.489706
87.244118
87.950000
87.544118
87.914706
87.826471
87.630882
87.714706
87.794118
87.285294
87.470588
87.079412
87.623529
260-310-peixe2.MOV